0.611628500312 0.738095238095 1.4
0.630043121827 0.760317460317 1.4
0.574799257282 0.780357142857 1.42857142857
0.597159869122 0.756666666667 1.33333333333
0.654126816108 0.772556390977 1.35714285714
0.655034393882 0.790476190476 1.4
0.768718375134 0.805 1.33333333333
0.755985979687 0.791666666667 1.33333333333
0.733704287654 0.808771929825 1.26666666667
0.735295837085 0.810526315789 1.26666666667
0.751211331394 0.786666666667 1.33333333333
0.722563441637 0.79649122807 1.26666666667
0.765535276272 0.843859649123 1.26666666667
0.644511753017 0.816666666667 1.33333333333
0.708962928318 0.802083333333 1.3125
0.718170239076 0.8125 1.3125
0.688566177405 0.786616161616 1.22222222222
0.729460155838 0.797101449275 1.27777777778
0.707355302631 0.78431372549 1.41176470588
0.659221657777 0.810185185185 1.33333333333
0.673347836158 0.827546296296 1.33333333333
0.612259321894 0.793684210526 1.31578947368
0.746803963739 0.802631578947 1.36842105263
0.664228282904 0.786538461538 1.3
0.644400680697 0.774659863946 1.33333333333
0.66137720796 0.795068027211 1.33333333333
0.663499273868 0.822807017544 1.57894736842
0.680138702119 0.802052785924 1.40909090909
0.666908775378 0.788411458333 1.33333333333
0.695545650952 0.797348484848 1.375
0.671005099579 0.813095238095 1.45833333333
0.641469368971 0.777243589744 1.38461538462
0.631049349359 0.802631578947 1.46153846154
0.641672310244 0.79375 1.42857142857
0.607024844933 0.776282590412 1.41379310345
0.672133685289 0.766691672918 1.38709677419
0.643527538995 0.744565217391 1.35294117647
0.670233296349 0.746031746032 1.36111111111
0.629415227619 0.770032051282 1.44444444444
0.661183226595 0.785955598456 1.51351351351
0.62337263085 0.794884169884 1.51351351351
0.651380872916 0.74956445993 1.36585365854
0.643516486568 0.770974576271 1.475
0.587598062529 0.77096914385 1.51282051282
0.613984402683 0.774308652988 1.55263157895
0.618263019122 0.788368725869 1.51351351351
0.592770961516 0.787061994609 1.51428571429
0.637638364003 0.815104166667 1.5
0.629098272221 0.792045454545 1.46666666667
0.672348433062 0.77625 1.33333333333
0.690653857985 0.803428571429 1.4
0.698789672013 0.851515151515 1.36363636364
0.734942159433 0.814263322884 1.31818181818
0.747053814513 0.804195804196 1.18181818182
0.836668693893 0.822826086957 1.15
0.785827531516 0.813501144165 1.21052631579
0.822081317623 0.82671957672 1.16666666667
0.714224248751 0.798529411765 1.17647058824
0.77985922115 0.805921052632 1.1875
0.752547446965 0.804621848739 1.21428571429
0.817388349707 0.81568627451 1.13333333333
0.842931735635 0.794444444444 1.2
0.703425550949 0.799107142857 1.14285714286
0.742723067762 0.794117647059 1.21428571429
0.885299370949 0.794642857143 1.14285714286
1.00689861956 0.794871794872 1.15384615385
0.718684039899 0.793956043956 1.07692307692
0.799022775523 0.788461538462 1.08333333333
0.671434916169 0.803571428571 1.16666666667
0.413802852039 0.677083333333 0.333333333333
0.740758191922 0.805555555556 1.38461538462
0.64251439989 0.801470588235 1.41666666667
0.64447927573 0.803921568627 1.41666666667
0.597322255555 0.812834224599 1.54545454545
0.699495799268 0.760683760684 1.38461538462
0.820642675318 0.808823529412 1.41666666667
0.607146634758 0.826203208556 1.54545454545
0.695566047587 0.819444444444 1.5
0.660198282455 0.823529411765 1.41666666667
0.654303654933 0.816176470588 1.41666666667
0.646444151571 0.80637254902 1.41666666667
0.679847040862 0.800925925926 1.5
0.723074309356 0.786324786325 1.38461538462
0.648409027411 0.833333333333 1.63636363636
0.654303654933 0.840909090909 1.63636363636
0.654303654933 0.840909090909 1.63636363636
0.719144557674 0.847222222222 1.5
0.716197243914 0.818181818182 1.45454545455
0.579323992854 0.798245614035 1.58333333333
0.714605694483 0.801785714286 1.42857142857
0.683776792543 0.805555555556 1.5
0.65730991497 0.794230769231 1.53846153846
0.685957804726 0.828846153846 1.53846153846
0.660493013831 0.798076923077 1.53846153846
0.636619772368 0.833333333333 1.66666666667
0.684366255295 0.808270676692 1.35714285714
0.639802871229 0.813765182186 1.46153846154
0.655718365539 0.834008097166 1.46153846154
0.665267662124 0.803846153846 1.53846153846
0.603216883077 0.799479166667 1.33333333333
0.565884242105 0.818181818182 1.45454545455
0.693915551881 0.81954887218 1.35714285714
0.706332268102 0.799107142857 1.3125
0.69232400245 0.836538461538 1.53846153846
0.690732453019 0.834615384615 1.53846153846
0.619112728627 0.810416666667 1.66666666667
0.711285054312 0.773504273504 1.38461538462
0.563408498545 0.846889952153 1.72727272727
0.615929629766 0.826923076923 1.38461538462
0.727004061037 0.748987854251 1.46153846154
0.785950336256 0.80971659919 1.46153846154
0.652535266677 0.788461538462 1.53846153846
0.740070485377 0.790816326531 1.5
0.647142413233 0.780952380952 1.4
0.630043121827 0.81462585034 1.5
0.591898548689 0.824175824176 1.61538461538
0.642985970091 0.759398496241 1.35714285714
0.721723457215 0.788647342995 1.27777777778
0.634654896527 0.791666666667 1.41666666667
0.687549354157 0.812030075188 1.35714285714
0.630725144846 0.786764705882 1.41666666667
0.654303654933 0.770833333333 1.5
0.721109433515 0.804824561404 1.58333333333
0.805599094663 0.803921568627 0.882352941176
0.630725144846 0.786764705882 1.41666666667
0.64251439989 0.801470588235 1.41666666667
0.638211321799 0.811740890688 1.46153846154
0.717179681834 0.814732142857 1.14285714286
0.64447927573 0.828282828283 1.63636363636
0.685741668384 0.80787037037 1.5
0.646169068953 0.821862348178 1.46153846154
0.627070475782 0.797570850202 1.46153846154
0.619112728627 0.810416666667 1.66666666667
0.555450751391 0.834928229665 1.72727272727
0.76630157785 0.833333333333 1.38461538462
0.673225409279 0.783333333333 1.2
0.73682844024 0.801282051282 1.38461538462
0.655718365539 0.774436090226 1.35714285714
0.770231329531 0.793522267206 1.46153846154
0.677882165021 0.829326923077 1.23076923077
0.685957804726 0.798148148148 1.2
0.746652819443 0.798319327731 1.21428571429
0.846861487316 0.81015037594 1.35714285714
0.703425550949 0.809954751131 1.30769230769
0.782020584575 0.789682539683 1.28571428571
0.687549354157 0.812030075188 1.35714285714
0.6418810928 0.829931972789 1.5
0.775084572858 0.7609375 1.25
0.783985460416 0.791666666667 1.28571428571
0.732638870266 0.780112044818 1.23529411765
0.717179681834 0.766806722689 1.21428571429
0.640549524049 0.799019607843 1.41666666667
0.69232400245 0.817669172932 1.35714285714
0.679591607002 0.802631578947 1.35714285714
0.656268530774 0.81862745098 1.41666666667
0.663676112693 0.772222222222 1.2
0.61304126228 0.8125 1.33333333333
0.609111510599 0.828877005348 1.54545454545
0.658233406615 0.821078431373 1.41666666667
0.681811916702 0.785067873303 1.30769230769
0.67481695871 0.796992481203 1.35714285714
0.817388349707 0.781954887218 1.35714285714
0.64139442066 0.815789473684 1.46153846154
0.593392503873 0.807486631016 1.54545454545
0.787915212097 0.795634920635 1.28571428571
0.711422595621 0.784210526316 1.26666666667
0.701460675109 0.826388888889 1.5
0.630725144846 0.8359375 1.33333333333
0.776676122288 0.802631578947 1.1875
0.74484513367 0.821052631579 1.26666666667
0.755985979687 0.791666666667 1.33333333333
0.676079675614 0.815873015873 1.4
0.638211321799 0.811740890688 1.46153846154
0.775084572858 0.811666666667 1.33333333333
0.708239496759 0.794642857143 1.42857142857
0.647760618384 0.823886639676 1.46153846154
0.698690200173 0.825187969925 1.35714285714
0.628662025213 0.822916666667 1.66666666667
0.606367179879 0.823214285714 1.42857142857
0.732112738223 0.80701754386 1.26666666667
0.633436673506 0.805668016194 1.46153846154
0.774161081212 0.797570850202 1.46153846154
0.6418810928 0.774603174603 1.4
0.670818355181 0.758928571429 1.3125
0.717788793344 0.805357142857 1.42857142857
0.717788793344 0.805357142857 1.42857142857
0.668450760986 0.789473684211 1.35714285714
0.65730991497 0.794230769231 1.53846153846
0.738478935946 0.773333333333 1.33333333333
0.706647947328 0.792857142857 1.42857142857
0.69232400245 0.776785714286 1.42857142857
0.717788793344 0.805357142857 1.42857142857
0.708239496759 0.794642857143 1.42857142857
0.684366255295 0.808270676692 1.35714285714
0.655718365539 0.792307692308 1.53846153846
0.682774705864 0.766071428571 1.42857142857
0.676408508141 0.817307692308 1.53846153846
0.719380342775 0.753333333333 1.33333333333
0.711422595621 0.798214285714 1.42857142857
0.732638870266 0.791193181818 1.375
0.706332268102 0.799107142857 1.3125
0.753684151997 0.802521008403 1.23529411765
0.619520480961 0.801020408163 1.5
0.652403733666 0.826666666667 1.33333333333
0.792591616598 0.819078947368 1.1875
0.741662034808 0.792517006803 1.5
0.72733808993 0.801754385965 1.26666666667
0.681183156433 0.804511278195 1.35714285714
0.698690200173 0.783928571429 1.42857142857
0.687549354157 0.812030075188 1.35714285714
0.64139442066 0.775 1.53846153846
0.685741668384 0.789592760181 1.30769230769
0.786225418874 0.823333333333 1.33333333333
0.605181758917 0.823529411765 1.54545454545
0.813458598025 0.811764705882 1.13333333333
0.726062219725 0.821428571429 1.3125
0.677882165021 0.798611111111 1.5
0.7348635644 0.820175438596 1.58333333333
0.679591607002 0.802631578947 1.35714285714
0.748028232532 0.799319727891 1.5
0.687706544224 0.810185185185 1.5
0.634654896527 0.815656565657 1.63636363636
0.709320178471 0.791666666667 1.58333333333
0.649053752297 0.790909090909 1.36363636364
0.697530923427 0.821759259259 1.5
0.631845124075 0.827083333333 1.66666666667
0.774161081212 0.797570850202 1.46153846154
0.728631223843 0.763020833333 1.33333333333
0.685957804726 0.828846153846 1.53846153846
0.706647947328 0.792857142857 1.42857142857
0.711223651942 0.794444444444 1.25
0.799022775523 0.798701298701 1.27272727273
0.636619772368 0.751879699248 1.35714285714
0.698690200173 0.825187969925 1.35714285714
0.67591728918 0.778280542986 1.30769230769
0.654303654933 0.816176470588 1.41666666667
0.811493722185 0.776315789474 1.35714285714
0.764336702009 0.787449392713 1.46153846154
0.64139442066 0.815789473684 1.46153846154
0.764336702009 0.771825396825 1.28571428571
0.662163158296 0.825980392157 1.41666666667
0.7977395913 0.805555555556 1.28571428571
0.644577519522 0.81983805668 1.46153846154
0.685957804726 0.81015037594 1.35714285714
0.714605694483 0.801785714286 1.42857142857
0.714605694483 0.801785714286 1.42857142857
0.622151141177 0.804421768707 1.5
0.635028222937 0.83125 1.66666666667
0.708239496759 0.794642857143 1.42857142857
0.708239496759 0.794642857143 1.42857142857
0.611628500312 0.775 1.33333333333
0.778267671719 0.815 1.33333333333
0.658980384207 0.795238095238 1.4
0.676079675614 0.815873015873 1.4
0.690732453019 0.775 1.42857142857
0.69232400245 0.836538461538 1.53846153846
0.719380342775 0.79298245614 1.26666666667
0.663676112693 0.801923076923 1.53846153846
0.670818355181 0.85 1.33333333333
0.636619772368 0.823129251701 1.5
0.61294383042 0.792517006803 1.5
0.700281749604 0.805860805861 1.61538461538
0.701873299035 0.848076923077 1.53846153846
0.601105859446 0.777210884354 1.5
0.638211321799 0.811740890688 1.46153846154
0.585321898148 0.815018315018 1.61538461538
0.653719063774 0.806818181818 1.57142857143
0.668450760986 0.807692307692 1.53846153846
0.611628500312 0.812937062937 1.69230769231
0.590583218581 0.822344322344 1.61538461538
0.743253584239 0.794217687075 1.5
0.690548306804 0.795454545455 1.46666666667
0.633989112151 0.782467532468 1.57142857143
0.635304442259 0.821428571429 1.5
0.696708883535 0.785714285714 1.2380952381
0.636619772368 0.764705882353 1.52941176471
0.626063577163 0.80987394958 1.64705882353
0.643693325394 0.798245614035 1.57894736842
0.625429190431 0.827302631579 1.68421052632
0.693109952786 0.741071428571 1.21428571429
0.632211048182 0.731632653061 1.25
0.490691001832 0.702651515152 1.63636363636
0.465528208544 0.769736842105 1.9
0.502784933858 0.755434782609 1.91304347826
0.554877793596 0.766713581985 1.68965517241
0.489942953512 0.741096866097 1.92592592593
0.451745390472 0.724081632653 1.96
0.425197969266 0.655773420479 1.88888888889
0.441939172336 0.746570644719 2.0
0.442833016451 0.684210526316 1.9
0.414531553131 0.684253690541 1.90322580645
0.400090194312 0.677389277389 1.9696969697
0.421957086778 0.681746031746 1.94444444444
0.436193825041 0.704204204204 1.94594594595
0.407245993901 0.69503968254 2.05714285714
0.410600918273 0.653346653347 1.97435897436
0.410918168695 0.653639240506 1.975
0.398502769467 0.65765625 2.0
0.396804671042 0.724785761371 2.21621621622
0.387687324871 0.714013950539 2.18421052632
0.372805116131 0.732104890149 2.44117647059
0.407398780776 0.712801204819 2.075
0.3818393132 0.720178571429 2.28571428571
0.3609833053 0.785497835498 2.56666666667
0.402037656699 0.743410076743 2.18918918919
0.359223484309 0.696631493506 2.40625
0.344002539524 0.662858422939 2.32258064516
0.353049821165 0.65286377709 2.23529411765
0.320995625848 0.684847198642 2.45161290323
0.357547531434 0.644674085851 2.17647058824
0.336127665102 0.683648459384 2.47058823529
0.340423096613 0.698456790123 2.5
0.303828155282 0.654813664596 2.62857142857
0.39776455299 0.721702317291 2.06060606061
0.427931913313 0.607142857143 1.8064516129
0.360210198985 0.56581685744 2.0
0.307728948139 0.581666666667 2.34375
0.353968303364 0.599580223881 2.09375
0.364485636617 0.664137931034 2.32
0.306219884838 0.608680057389 2.41176470588
0.426428291644 0.652204836415 1.94736842105
0.326391973138 0.651364764268 2.38461538462
0.271179871799 0.566620498615 2.5
0.342219217204 0.585881989496 2.12820512821
0.413979201006 0.621031746032 1.71428571429
0.452658271788 0.602287581699 1.51111111111
0.286107754351 0.578331862312 2.34090909091
0.296666173738 0.566666666667 2.38636363636
0.309462688099 0.584017857143 2.24
0.221924153681 0.551643835616 2.92
0.264889824266 0.585584362699 2.62264150943
0.239668620185 0.571909167368 2.8275862069
0.238743428821 0.529716520039 2.66129032258
0.253293756703 0.590490196078 2.83333333333
0.2552386368 0.564828812806 2.66153846154
0.254876966686 0.592203548086 2.69841269841
0.264260296875 0.651605231867 3.0
0.252937323963 0.575469427058 2.77611940299
0.278391420201 0.639344985876 2.765625
0.240190727319 0.59285013089 2.984375
0.256036370039 0.606628477905 2.89230769231
0.24486305752 0.538715805471 2.68571428571
0.244080020726 0.548969072165 2.69444444444
0.266969581961 0.561368209256 2.56338028169
0.265552934271 0.619540848354 2.80952380952
0.279178050314 0.625830170778 2.73529411765
0.312890046315 0.564572062699 2.1975308642
0.220506315484 0.51971295666 2.89743589744
0.232396302915 0.54080318136 2.86075949367
0.239712131123 0.593079626712 3.01351351351
0.257028656443 0.611267517518 2.91891891892
0.268708787804 0.59386627907 2.6875
0.278176209767 0.653018867925 2.82666666667
0.28581484973 0.596175850647 2.53086419753
0.255860856377 0.605803893295 2.88157894737
0.305243248854 0.62660137965 2.41463414634
0.268087169839 0.568302180685 2.37777777778
0.266334311535 0.633576469193 2.84415584416
0.288399279523 0.587639365352 2.40909090909
0.288509508478 0.678545388261 2.70512820513
0.287174185423 0.565228248926 2.26595744681
0.260685382849 0.56665879017 2.5
0.267533795809 0.605347304211 2.625
0.286895236299 0.639831179108 2.62352941176
0.295535402538 0.675042021677 2.62962962963
0.294192991939 0.641023658574 2.5632183908
0.338900744984 0.659076015727 2.22448979592
0.310194401438 0.61537414966 2.29591836735
0.286960437724 0.599855610561 2.37623762376
0.288230875179 0.6154465179 2.44329896907
0.255234180106 0.665501613151 3.07608695652
0.270571669614 0.661245791246 2.97
0.293060920311 0.679183673469 2.80612244898
0.34108559516 0.688785584993 2.29126213592
0.391711534021 0.608770307753 1.77876106195
0.379748955538 0.61835510816 1.7652173913
0.349857059403 0.654081632653 1.96
0.332971103651 0.623084360648 1.87619047619
0.375277814634 0.62427184466 1.79130434783
0.365212545034 0.656090461263 1.84545454545
0.317626702773 0.617795726941 2.12631578947
0.34163034186 0.657132582115 2.21649484536
0.314209175378 0.672311713249 2.53488372093
0.26929525667 0.642634905202 2.84705882353
0.270544923412 0.617721518987 2.78823529412
0.232845830632 0.585239025511 3.01315789474
0.258122767312 0.616726411471 2.93150684932
0.235553136368 0.552805174843 2.85135135135
0.234147704343 0.609808102345 3.13432835821
0.281553777919 0.577616101176 2.48051948052
0.237744235663 0.543690180787 2.78205128205
0.24947615042 0.577123595506 2.80898876404
0.262303285837 0.715693353154 3.25882352941
0.268086571876 0.679774506086 3.0824742268
0.291076836206 0.721957900807 3.01041666667
0.28831678446 0.623551145675 2.62831858407
0.292902477822 0.675547262121 2.78504672897
0.269439548666 0.673910825426 3.0
0.276548689045 0.611645079998 2.67256637168
0.306990321518 0.675037044043 2.66972477064
0.260138683095 0.635623629477 2.9504950495
0.292124079642 0.684433962264 2.83018867925
0.27524579077 0.653136293237 2.86538461538
0.255232575774 0.657152960194 3.09183673469
0.243545779123 0.656442799224 3.27956989247
0.263720509568 0.674187070034 3.09195402299
0.291332772326 0.684603299293 2.82105263158
0.26818419926 0.58727195135 2.65048543689
0.328358572004 0.726639712489 2.52380952381
0.326795302612 0.659342403628 2.29591836735
0.32902159439 0.675078492936 2.35576923077
0.320811389099 0.667578345567 2.25892857143
0.340048915428 0.626277037976 2.18421052632
0.321095828427 0.610337523439 2.03361344538
0.341972453828 0.61994204143 1.90909090909
0.343166787638 0.596426196809 1.8359375
0.34271656708 0.666193181818 2.32727272727
0.369284901478 0.613453786558 1.97744360902
0.298416464522 0.634202059202 2.52252252252
0.312934736598 0.668831607004 2.58878504673
0.323943097017 0.662993266521 2.40776699029
0.351623789133 0.645047393365 2.11
0.264225457889 0.565665322581 2.48
0.344024631597 0.627048508686 2.09259259259
0.271243089899 0.562351914204 2.45454545455
0.244351279434 0.562158950889 2.6847826087
0.280836896937 0.660614064048 2.56043956044
0.279266412891 0.619887877952 2.51612903226
0.277327094183 0.631184566025 2.68085106383
0.277200472837 0.574995403567 2.46666666667
0.235426888897 0.582130216095 2.77272727273
0.306191008899 0.583029526061 2.10091743119
0.373965866356 0.703890931373 2.19607843137
0.477528491253 0.635247289973 1.13888888889
0.584949677996 0.830196078431 1.41666666667
0.418073197251 0.750123051682 2.16981132075
0.348592525181 0.690677966102 2.36
0.596499858057 0.699201419698 1.0652173913
0.574617023618 0.696296296296 0.933333333333
0.487879489442 0.746811594203 1.63043478261
0.367659816918 0.683484305877 2.14893617021
0.362059266626 0.711197916667 2.4
0.353578621573 0.691139870582 2.39024390244
0.323148196454 0.667894736842 2.63157894737
0.312522433708 0.639534883721 2.51162790698
0.310545365681 0.686011904762 2.77083333333
0.286686156681 0.618223760092 2.66666666667
0.297107584076 0.569318031922 2.33333333333
0.271778942041 0.607638888889 2.76923076923
0.29046391138 0.645185488271 2.71153846154
0.280265508793 0.598180592992 2.64150943396
0.279514188853 0.574101337259 2.50877192982
0.293342062497 0.59831871345 2.52631578947
0.303204903159 0.60381511372 2.43103448276
0.306451738488 0.591960476084 2.39344262295
0.286925280889 0.563596016454 2.40322580645
0.323734146489 0.638173901908 2.40350877193
0.30651288815 0.621246973366 2.37288135593
0.285131355291 0.60641699018 2.60344827586
0.277170101783 0.584556629669 2.57894736842
0.284158772173 0.57898074484 2.49152542373
0.256139986539 0.571840994892 2.77192982456
0.275489307364 0.635541367385 2.84126984127
0.297073616616 0.639858783364 2.48611111111
0.341072594544 0.634065407772 2.07142857143
0.332452481042 0.68028247023 2.27536231884
0.434718754865 0.723891559829 1.828125
0.638216233988 0.774515648286 0.901639344262
0.530307200256 0.765096618357 0.638888888889
0.277277752418 0.696875 0.3125
0.225676735712 0.630208333333 0.28125
0.534937447614 0.720238095238 0.583333333333
0.690365317954 0.808510638298 0.979166666667
0.469326224231 0.790282392027 1.95348837209
0.410810194989 0.740196078431 2.29411764706
0.411986101202 0.763859649123 2.28
0.480504246592 0.804347826087 2.04347826087
0.474663702277 0.730980392157 2.04
0.452192588785 0.795238095238 2.14285714286
0.451487059639 0.760243632337 2.04761904762
0.442450741795 0.750337381916 2.05263157895
0.476973610316 0.842881944444 2.25
0.550322425447 0.762745098039 1.76470588235
0.59764305161 0.793103448276 1.8125
0.525564989855 0.800646551724 1.8125
0.556230285806 0.845679012346 1.8
0.602357249896 0.846273291925 1.64285714286
0.51136765739 0.775714285714 1.78571428571
0.618205150853 0.821678321678 1.69230769231
0.590583218581 0.784965034965 1.69230769231
0.633436673506 0.805668016194 1.46153846154
0.676408508141 0.778388278388 1.61538461538
0.589267888472 0.820512820513 1.61538461538
0.755985979687 0.791666666667 1.33333333333
0.551123315335 0.767399267399 1.61538461538
0.553753975551 0.771062271062 1.61538461538
0.633436673506 0.829166666667 1.66666666667
0.556384635768 0.839285714286 1.75
0.611154981473 0.8 1.66666666667
0.603197234318 0.789583333333 1.66666666667
0.56953793685 0.79304029304 1.61538461538
0.5616459562 0.847222222222 1.75
0.53270869382 0.803571428571 1.75
0.557699965876 0.84126984127 1.75
0.636619772368 0.833333333333 1.66666666667
0.566591597407 0.780701754386 1.58333333333
0.650943717246 0.811507936508 1.75
0.536654684145 0.809523809524 1.75
0.649352167815 0.809523809524 1.75
0.630253574644 0.785714285714 1.75
0.535339354036 0.80753968254 1.75
0.580915542285 0.829545454545 1.81818181818
0.660493013831 0.823412698413 1.75
0.578745247607 0.833333333333 1.83333333333
0.639802871229 0.797619047619 1.75
0.541916004577 0.81746031746 1.75
0.537970014253 0.811507936508 1.75
0.639802871229 0.797619047619 1.75
0.668450760986 0.833333333333 1.75
0.553753975551 0.835317460317 1.75
0.549807985227 0.791666666667 1.83333333333
0.535339354036 0.80753968254 1.75
0.562961286309 0.849206349206 1.75
0.650943717246 0.811507936508 1.75
0.537970014253 0.811507936508 1.75
0.536654684145 0.809523809524 1.75
0.536654684145 0.809523809524 1.75
0.654126816108 0.815476190476 1.75
0.590464838871 0.772916666667 1.66666666667
0.590464838871 0.843181818182 1.81818181818
0.665267662124 0.829365079365 1.75
0.582507091716 0.802631578947 1.58333333333
0.556384635768 0.774725274725 1.61538461538
0.535339354036 0.80753968254 1.75
0.884901483591 0.772222222222 0.9
0.808507110907 0.783950617284 1.0
0.706647947328 0.770833333333 0.888888888889
0.747144038404 0.768181818182 0.909090909091
0.747144038404 0.768181818182 0.909090909091
0.38245907243 0.792929292929 2.45454545455
0.835563451232 0.780991735537 1.0
0.400323402777 0.829966329966 2.45454545455
0.502891950361 0.824074074074 2.25
0.436052063471 0.764957264957 2.07692307692
0.468047377022 0.766975308642 2.25
0.442548183597 0.776353276353 2.07692307692
0.696302876027 0.777777777778 1.25
0.408443552935 0.776234567901 2.25
0.439300123534 0.83487654321 2.25
0.441678510711 0.751602564103 2.16666666667
0.444172213629 0.844135802469 2.25
0.460513415219 0.75462962963 2.25
0.492893114575 0.80291005291 1.92857142857
0.537590029999 0.714285714286 1.47368421053
0.564350435964 0.775669642857 1.75
0.572957795131 0.73502722323 1.52631578947
0.506937966885 0.775939849624 1.84210526316
0.481524904355 0.760256410256 1.73333333333
0.531223832276 0.74503968254 1.55555555556
0.590641677697 0.773148148148 1.66666666667
0.544050060569 0.747767857143 1.75
0.563926165142 0.752941176471 1.7
0.496141174639 0.779336734694 2.0
0.551810563938 0.736764705882 1.7
0.5433649229 0.71875 1.68421052632
0.537736523701 0.784340659341 1.85714285714
0.487209009465 0.793650793651 1.92857142857
0.604788783749 0.75 1.57894736842
0.510757444922 0.776543209877 1.8
0.517253565049 0.786419753086 1.8
0.549979211631 0.802197802198 1.85714285714
0.493705129591 0.804232804233 1.92857142857
0.543386995053 0.792582417582 1.85714285714
0.44011213855 0.801775147929 2.0
0.617131411989 0.753968253968 1.55555555556
0.496299733784 0.779585798817 2.0
0.528319071447 0.829881656805 2.0
0.531869835333 0.713507625272 1.58823529412
0.479900874323 0.757692307692 1.73333333333
0.53639070786 0.776714513557 1.73684210526
0.595207006563 0.769957983193 1.64705882353
0.753549934639 0.805555555556 1.0
0.514817520001 0.782716049383 1.8
0.518491436828 0.743407707911 1.70588235294
0.564350435964 0.775669642857 1.75
0.501825279749 0.715277777778 1.6875
0.52862177527 0.7265625 1.75
0.554606255774 0.71743697479 1.64705882353
0.524857634552 0.752535496957 1.70588235294
0.548200359539 0.742337164751 1.61111111111
0.553151846657 0.749042145594 1.61111111111
0.477464829276 0.777777777778 1.92857142857
0.628131508736 0.704761904762 1.42857142857
0.555981267868 0.779761904762 1.55555555556
0.52980912167 0.786764705882 1.64705882353
0.583026781326 0.754201680672 1.64705882353
0.578154691232 0.780701754386 1.26315789474
0.728968936878 0.792735042735 1.38461538462
0.646444151571 0.790865384615 1.23076923077
0.733604815814 0.81043956044 1.07692307692
0.808766955712 0.798076923077 0.923076923077
0.641593364339 0.80625 0.625
0.422247808203 0.722222222222 0.4
0.6073872318 0.779166666667 0.533333333333
0.685250449423 0.782828282828 0.818181818182
0.610093948519 0.758241758242 0.538461538462
0.534937447614 0.720238095238 0.428571428571
0.441736168582 0.708333333333 0.375
0.431991988392 0.738888888889 0.4
0.747053814513 0.821428571429 0.714285714286
0.718684039899 0.793956043956 0.928571428571
0.808766955712 0.798076923077 1.08333333333
0.713249930153 0.75625 1.06666666667
0.518358807709 0.710606060606 1.46666666667
0.633989112151 0.708823529412 1.17647058824
0.760046054765 0.8125 1.0
0.689671420065 0.783482142857 0.875
0.671434916169 0.798816568047 1.0
0.671434916169 0.798816568047 1.0
0.624185792439 0.784375 0.625
0.579638372989 0.7375 0.5
0.670042310417 0.77962962963 1.2
0.514192893066 0.69820971867 1.35294117647
0.509484166939 0.743131868132 1.85714285714
0.453104378802 0.766483516484 1.85714285714
0.522125655143 0.793827160494 1.8
0.441389708842 0.696428571429 1.75
0.517018128742 0.745923913043 1.4375
0.695507101312 0.758680555556 0.888888888889
0.576140893993 0.78354978355 0.52380952381
0.493734001236 0.634545454545 1.13636363636
0.546235483698 0.70202020202 1.63636363636
0.594765877298 0.734693877551 1.66666666667
0.577673497148 0.777777777778 1.71428571429
0.573828173726 0.736044657097 1.73684210526
0.531552641967 0.703125 1.68421052632
0.558907397811 0.690476190476 1.47619047619
0.487377593897 0.658482142857 1.52380952381
0.479586895184 0.807142857143 2.14285714286
0.41529492963 0.742222222222 2.0
0.521605458024 0.712224108659 1.63157894737
0.535904534942 0.731748726655 1.63157894737
0.525335652003 0.681451612903 1.55
0.512159505451 0.681818181818 1.40909090909
0.498685488355 0.783333333333 2.0
0.472491237304 0.766129032258 1.9375
0.484303518237 0.763725490196 1.76470588235
0.558907397811 0.690476190476 1.47619047619
0.437054394506 0.809907834101 2.21428571429
0.488033712215 0.744781783681 1.82352941176
0.501711090137 0.650806451613 1.55
0.462544053361 0.75 1.9375
0.435189297517 0.752688172043 2.06666666667
0.463317723223 0.779761904762 2.14285714286
0.461300655368 0.703984819734 1.82352941176
0.542999217608 0.700284090909 1.45454545455
0.443893083467 0.7 1.76470588235
0.452596869418 0.782795698925 2.06666666667
0.451353471425 0.73185483871 1.9375
0.514954660315 0.808888888889 2.0
0.479329926265 0.777217741935 1.9375
0.473734635297 0.76814516129 1.9375
0.462544053361 0.775 1.875
0.430837404542 0.798387096774 2.21428571429
0.483060120244 0.783266129032 1.9375
0.460057257375 0.745967741935 1.9375
0.599722259609 0.785714285714 1.57142857143
0.584853112677 0.743697478992 1.61904761905
0.542305732017 0.716883116883 1.59090909091
0.555940119775 0.754186602871 1.72727272727
0.461922354364 0.773958333333 2.13333333333
0.436161643352 0.7734375 2.0
0.438297792499 0.786830357143 2.28571428571
0.409176895215 0.703598484848 2.0625
0.503348159121 0.728867623604 1.73684210526
0.454461966407 0.786021505376 2.06666666667
0.430654551896 0.71875 1.88235294118
0.469204192091 0.739583333333 1.77777777778
0.514362342034 0.673881673882 1.57142857143
0.465349228071 0.694901315789 1.68421052632
0.50224674083 0.690909090909 1.65
0.557042300822 0.678787878788 1.65
0.57934602122 0.6930171278 1.4347826087
0.432080802535 0.80069124424 2.21428571429
0.50481958512 0.79296875 2.0
0.471247839311 0.789583333333 2.13333333333
0.550203611861 0.768229166667 1.77777777778
0.458813859382 0.793548387097 2.06666666667
0.446379879453 0.772043010753 2.06666666667
0.474356334293 0.820430107527 2.06666666667
0.479951625261 0.778225806452 1.9375
0.560150795804 0.740953947368 1.68421052632
0.54041945121 0.749019607843 1.76470588235
0.468761043325 0.760080645161 1.9375
0.476221431283 0.772177419355 1.9375
0.529782198112 0.767145135566 1.73684210526
0.566989484765 0.75 1.68421052632
0.507203123141 0.697727272727 1.65
0.438919491496 0.759139784946 2.06666666667
0.456948762393 0.790322580645 2.06666666667
0.476221431283 0.772177419355 1.9375
0.519118662038 0.70882852292 1.63157894737
0.463165752357 0.831473214286 2.28571428571
0.461922354364 0.748991935484 1.9375
0.428350608556 0.793778801843 2.21428571429
0.473928052763 0.744444444444 2.0
0.535289289569 0.723214285714 1.52380952381
0.570719678744 0.7171875 1.6
0.497980896159 0.807459677419 1.9375
0.484925217233 0.786290322581 1.9375
0.491142207198 0.796370967742 1.9375
0.491142207198 0.796370967742 1.9375
0.50481958512 0.818548387097 1.9375
0.529065845981 0.722410865874 1.63157894737
0.478086528272 0.775201612903 1.9375
0.505051686078 0.793333333333 2.0
0.475342763368 0.746666666667 2.0
0.477464829276 0.774193548387 1.9375
0.502222264868 0.788888888889 2.0
0.479951625261 0.778225806452 1.9375
0.553312106843 0.755517826825 1.63157894737
0.581288561683 0.718125960061 1.47619047619
0.561394193797 0.728225806452 1.55
0.521605458024 0.751792114695 1.72222222222
0.506062983113 0.77229601518 1.82352941176
0.53279603996 0.793518518519 1.66666666667
0.507306381105 0.774193548387 1.82352941176
0.497359197162 0.806451612903 1.9375
0.496115799169 0.757115749526 1.82352941176
0.585018755662 0.773848684211 1.68421052632
0.477464829276 0.825806451613 2.06666666667
0.517875264045 0.765625 1.88235294118
0.506684682109 0.7958984375 2.0
0.604913123548 0.76015625 1.6
0.55786836454 0.753720238095 1.52380952381
0.57934602122 0.724517906336 1.5
0.635518354076 0.771390374332 1.54545454545
0.620649207144 0.753342245989 1.54545454545
0.528680779821 0.78431372549 1.88888888889
0.505000286558 0.771885521886 1.83333333333
0.61451491916 0.789772727273 1.63636363636
0.537147932935 0.824175824176 1.85714285714
0.535158496146 0.7837995338 1.77272727273
0.526802861634 0.8275 2.0
0.615497357081 0.828703703704 1.71428571429
0.575491057201 0.777529761905 1.52380952381
0.56263759179 0.70703125 1.6
0.605534822545 0.724702380952 1.52380952381
0.501089391141 0.8125 1.9375
0.479329926265 0.731499051233 1.82352941176
0.476843130279 0.72770398482 1.82352941176
0.527200748992 0.759856630824 1.72222222222
0.481195023254 0.734345351044 1.82352941176
0.74447684124 0.786111111111 0.9
0.773669862252 0.795454545455 0.909090909091
0.323600355206 0.58346581876 2.17647058824
0.334556326499 0.617777777778 2.25
0.360485946103 0.645299145299 2.16666666667
0.316994556076 0.589963280294 2.26315789474
0.407436654315 0.763925729443 2.23076923077
0.839984421874 0.785123966942 1.0
0.562015892793 0.733766233766 1.27272727273
0.336339157081 0.548681541582 1.70588235294
0.594620551274 0.779710144928 1.53333333333
0.558147543482 0.742647058824 1.17647058824
0.592410065953 0.761363636364 1.375
0.269228089675 0.387733887734 1.42307692308
0.802140913183 0.777777777778 1.0
0.611154981473 0.761904761905 0.777777777778
0.611154981473 0.761904761905 0.777777777778
0.62388737692 0.765625 1.0
0.62388737692 0.765625 1.0
0.706647947328 0.770833333333 0.888888888889
0.835563451232 0.75 0.875
0.835563451232 0.75 0.875
0.611154981473 0.761904761905 0.777777777778
0.835563451232 0.75 0.875
0.62388737692 0.765625 1.0
0.611154981473 0.761904761905 1.28571428571
0.706647947328 0.770833333333 1.125
0.62388737692 0.765625 1.0
0.835563451232 0.75 1.14285714286
0.62388737692 0.765625 1.0
0.62388737692 0.765625 1.0
0.62388737692 0.765625 1.0
0.62388737692 0.765625 1.0
0.802140913183 0.777777777778 1.0
0.62388737692 0.765625 1.0
0.891267681315 0.777777777778 1.11111111111
0.802140913183 0.777777777778 1.0
0.802140913183 0.777777777778 1.0
0.802140913183 0.777777777778 1.0
0.706647947328 0.770833333333 0.888888888889
0.891267681315 0.777777777778 1.11111111111
0.706647947328 0.770833333333 1.125
0.891267681315 0.777777777778 0.9
0.891267681315 0.777777777778 0.9
0.795774715459 0.771604938272 1.0
0.611154981473 0.761904761905 0.777777777778
0.891267681315 0.777777777778 0.9
0.993126844893 0.78 1.0
0.891267681315 0.777777777778 1.11111111111
0.802140913183 0.777777777778 1.0
0.611154981473 0.761904761905 0.777777777778
0.802140913183 0.777777777778 1.0
0.904000076762 0.788888888889 1.11111111111
0.891267681315 0.777777777778 0.9
0.98676064717 0.775 1.0
0.808507110907 0.783950617284 1.0
0.62388737692 0.765625 1.0
0.891267681315 0.777777777778 0.9
0.751565009045 0.772727272727 0.909090909091
0.636619772368 0.8 1.11111111111
0.835563451232 0.75 0.875
0.897633879038 0.783333333333 0.9
0.993126844893 0.78 1.0
0.897633879038 0.783333333333 0.9
0.891267681315 0.777777777778 1.11111111111
0.764827920969 0.786363636364 0.909090909091
0.813458598025 0.760330578512 1.0
0.993126844893 0.78 1.0
0.813458598025 0.760330578512 1.0
0.632198801726 0.794444444444 0.9
0.778090832894 0.8 0.909090909091
0.751565009045 0.772727272727 0.909090909091
0.62388737692 0.765625 1.0
0.915140922778 0.784090909091 1.09090909091
0.9814554824 0.770833333333 1.0
0.813458598025 0.760330578512 1.0
0.730813514197 0.78125 1.0
0.844405392515 0.795833333333 0.833333333333
1.00356033561 0.788194444444 1.0
0.747053814513 0.798611111111 1.0
0.901878010854 0.772727272727 0.916666666667
0.802140913183 0.777777777778 1.0
0.627777831085 0.788888888889 0.9
0.792526655396 0.782051282051 1.08333333333
0.740557694387 0.791666666667 1.0
0.91956189342 0.787878787879 1.09090909091
0.867232036848 0.789940828402 1.0
0.795774715459 0.771604938272 1.0
0.750301874576 0.807692307692 1.18181818182
0.818511135901 0.807692307692 1.08333333333
0.812015015775 0.801282051282 0.923076923077
0.769790234955 0.759615384615 1.08333333333
0.70625005997 0.788888888889 1.25
0.770906755601 0.807291666667 0.75
0.711223651942 0.785714285714 0.928571428571
0.631646180396 0.755952380952 1.16666666667
0.718684039899 0.802777777778 1.25
0.823129471303 0.795673076923 1.23076923077
0.664128034137 0.8125 1.23076923077
0.860431411091 0.82380952381 1.07142857143
0.709320178471 0.805803571429 1.14285714286
0.838050247218 0.802380952381 1.07142857143
0.780853939545 0.817708333333 1.33333333333
0.885299370949 0.794642857143 1.14285714286
0.835563451232 0.8 0.933333333333
0.636619772368 0.727272727273 0.6875
0.889968457289 0.810650887574 1.0
0.863983976785 0.791666666667 1.16666666667
0.788314327502 0.812820512821 1.15384615385
0.852971023133 0.816666666667 1.07142857143
0.770906755601 0.807291666667 1.33333333333
0.840537043204 0.8125 1.23076923077
0.670022661658 0.819711538462 1.23076923077
0.902706942849 0.810267857143 1.14285714286
0.701460675109 0.807692307692 1.30769230769
0.742723067762 0.794117647059 1.21428571429
0.750582571125 0.802521008403 1.21428571429
0.727004061037 0.825892857143 1.14285714286
0.738793316081 0.789915966387 1.21428571429
0.738793316081 0.789915966387 1.21428571429
0.756477198647 0.808823529412 1.21428571429
0.835563451232 0.807692307692 1.23076923077
0.711285054312 0.819004524887 1.30769230769
0.842931735635 0.794444444444 1.2
0.854720990679 0.805555555556 1.2
0.856685866519 0.807407407407 1.2
0.850791238997 0.813909774436 1.35714285714
0.783042320012 0.803921568627 1.05882352941
0.781450770581 0.807565789474 1.1875
0.818056407492 0.803125 1.25
0.778267671719 0.815 1.33333333333
0.714605694483 0.831481481481 1.2
0.819647956923 0.8046875 1.25
0.775084572858 0.800986842105 1.1875
0.755985979687 0.833333333333 1.26666666667
0.800549363752 0.7859375 1.25
0.775084572858 0.811666666667 1.33333333333
0.824422605216 0.809375 1.25
0.822831055785 0.8078125 1.25
0.867394439851 0.801470588235 1.17647058824
0.881718384729 0.814705882353 1.17647058824
0.861028242127 0.795588235294 1.17647058824
0.875352187005 0.808823529412 1.17647058824
0.862619791558 0.792397660819 1.05555555556
0.754999482105 0.803921568627 1.23529411765
0.837155000663 0.814241486068 1.11764705882
0.905591626193 0.831871345029 1.05555555556
0.777360093945 0.818559556787 1.0
0.783936744486 0.834733893557 1.23529411765
0.715092001253 0.781400966184 1.27777777778
0.881271172492 0.797619047619 1.05
0.881271172492 0.797619047619 1.05
0.751565009045 0.821256038647 1.27777777778
0.820090053987 0.80652173913 1.15
0.802406171422 0.830663615561 1.21052631579
0.727969059231 0.805208333333 1.2
0.722318587879 0.807368421053 1.31578947368
0.716668116526 0.801052631579 1.31578947368
0.767522358698 0.815 1.25
0.789182498882 0.798095238095 1.19047619048
0.781648537079 0.823412698413 1.14285714286
0.816493110418 0.833653846154 1.3
0.736497619308 0.799823633157 1.28571428571
0.703205003661 0.801851851852 1.35
0.720257318992 0.791964285714 1.4
0.618228534499 0.821428571429 1.47368421053
0.693915551881 0.768808777429 1.31818181818
0.786842550286 0.823979591837 1.33333333333
0.763943726841 0.809595202399 1.26086956522
0.74484513367 0.789355322339 1.26086956522
0.713721500354 0.828407224959 1.38095238095
0.70811515696 0.825362318841 1.30434782609
0.703763263984 0.793828892006 1.34782608696
0.787692628506 0.812179487179 1.15384615385
0.757851076676 0.819220430108 1.29166666667
0.726385363108 0.792668269231 1.23076923077
0.772150153594 0.84375 1.39130434783
0.681227213165 0.780934343434 1.375
0.746210892351 0.797058823529 1.36
0.655286092854 0.732967032967 1.34615384615
0.716197243914 0.833142857143 1.4
0.73682844024 0.816993464052 1.25925925926
0.708337740551 0.824 1.4
0.602231723722 0.758888888889 1.44
0.637060644786 0.781081081081 1.48
0.663953862317 0.774691358025 1.33333333333
0.6992236558 0.793793793794 1.37037037037
0.624275344649 0.745263157895 1.52
0.678943524547 0.810526315789 1.52
0.627866250498 0.715970961887 1.31034482759
0.642588082734 0.817307692308 1.46153846154
0.598024698668 0.791052631579 1.52
0.596831036595 0.759109311741 1.46153846154
0.691287952266 0.793522267206 1.46153846154
0.754332708117 0.833820662768 1.40740740741
0.684366255295 0.808270676692 1.35714285714
0.686879228081 0.759259259259 1.40740740741
0.665276479572 0.755255255255 1.37037037037
0.652491179435 0.833333333333 1.54166666667
0.659215844535 0.77662037037 1.5
0.630233925885 0.796894409938 1.52173913043
0.599171550464 0.784992784993 1.57142857143
0.666908775378 0.788411458333 1.33333333333
0.833971901802 0.792338709677 1.29166666667
0.746259844275 0.826802507837 1.31818181818
0.690212763409 0.828460038986 1.42105263158
0.59700787542 0.811538461538 1.3
0.746803963739 0.793 1.25
0.841089664534 0.787784679089 1.09523809524
0.654303654933 0.714975845411 0.782608695652
0.683039964103 0.826203208556 1.29411764706
0.797090045568 0.810160427807 1.29411764706
0.782621414378 0.782894736842 1.05263157895
0.83078880294 0.808049535604 1.11764705882
0.789408517736 0.81045751634 1.05882352941
0.862580494041 0.812962962963 1.2
0.693915551881 0.756944444444 0.888888888889
0.817388349707 0.81568627451 1.13333333333
0.862580494041 0.806985294118 1.0625
0.823282977228 0.821568627451 1.13333333333
0.840966859794 0.792592592593 1.2
0.805599094663 0.813492063492 1.28571428571
0.795774715459 0.794117647059 1.13333333333
0.803634218822 0.801960784314 1.13333333333
0.717179681834 0.814732142857 1.14285714286
0.780853939545 0.805128205128 0.866666666667
0.775880347573 0.8 1.15384615385
0.925697117983 0.782967032967 1.07692307692
0.802270835586 0.791666666667 0.923076923077
0.848826363157 0.793388429752 1.0
0.946087717268 0.810606060606 1.09090909091
0.935441298173 0.791208791209 1.07692307692
0.935441298173 0.791208791209 1.07692307692
0.870480096911 0.797619047619 1.16666666667
0.815263075838 0.804487179487 1.08333333333
0.915952937794 0.774725274725 1.07692307692
0.799022775523 0.788461538462 1.08333333333
0.839984421874 0.785123966942 1.0
0.847743676469 0.776785714286 0.857142857143
0.844405392515 0.789256198347 1.0
0.769248891611 0.790909090909 0.909090909091
0.661487732226 0.791666666667 0.857142857143
0.74380575445 0.795138888889 1.0
0.74380575445 0.795138888889 1.0
0.633371712304 0.8125 1.2
0.663974528212 0.809090909091 1.36363636364
0.713710447928 0.788461538462 1.07692307692
0.663974528212 0.794642857143 1.16666666667
0.770906755601 0.807291666667 0.75
0.666092909977 0.724358974359 0.722222222222
0.831142480591 0.776859504132 1.0
0.844405392515 0.789256198347 1.0
0.764827920969 0.786363636364 0.909090909091
0.839984421874 0.785123966942 1.0
0.669100372999 0.780303030303 0.916666666667
0.802140913183 0.777777777778 1.0
0.623627532115 0.793388429752 1.0
0.802140913183 0.777777777778 1.0
0.910719952137 0.780303030303 1.09090909091
0.901878010854 0.772727272727 1.09090909091
0.904000076762 0.788888888889 0.9
0.844405392515 0.789256198347 1.0
0.85766830444 0.801652892562 1.0
0.990297423683 0.783216783217 1.18181818182
0.891267681315 0.777777777778 1.11111111111
0.91956189342 0.787878787879 0.916666666667
0.789278595333 0.778846153846 0.923076923077
1.00798130625 0.791666666667 1.0
0.750301874576 0.807692307692 0.846153846154
0.789278595333 0.778846153846 1.08333333333
0.769248891611 0.790909090909 1.1
0.928403834703 0.795454545455 1.09090909091
0.901878010854 0.772727272727 1.09090909091
0.675596493125 0.787878787879 1.09090909091
0.82672150995 0.772727272727 1.0
0.831142480591 0.776859504132 1.0
0.831142480591 0.776859504132 1.0
0.831142480591 0.776859504132 1.0
1.00585924034 0.79 1.0
1.00585924034 0.79 1.0
0.808507110907 0.783950617284 1.0
0.904000076762 0.788888888889 1.11111111111
0.802140913183 0.777777777778 1.0
0.897633879038 0.783333333333 0.9
0.802140913183 0.777777777778 1.0
0.993126844893 0.78 1.0
0.694092390706 0.785 1.0
1.00585924034 0.79 1.0
1.00585924034 0.79 1.0
0.694092390706 0.785 1.0
0.897633879038 0.783333333333 0.9
0.993126844893 0.78 1.0
0.891267681315 0.777777777778 0.9
0.802140913183 0.777777777778 1.0
0.993126844893 0.78 1.0
1.00585924034 0.79 1.0
0.751565009045 0.772727272727 1.1
1.00585924034 0.79 1.0
1.00585924034 0.79 1.0
0.897633879038 0.783333333333 0.9
0.702934331989 0.795 1.0
0.839984421874 0.785123966942 1.0
0.702934331989 0.795 1.0
0.98676064717 0.775 1.0
0.82672150995 0.772727272727 1.0
0.808507110907 0.783950617284 1.0
0.891267681315 0.777777777778 1.11111111111
0.993126844893 0.78 1.0
0.891267681315 0.777777777778 0.9
0.839984421874 0.785123966942 1.0
0.626875592178 0.804166666667 0.833333333333
0.717821273945 0.767361111111 1.0
0.682092613251 0.795454545455 0.916666666667
0.74380575445 0.795138888889 1.0
0.750301874576 0.807692307692 1.18181818182
0.850991736532 0.775147928994 1.0
0.812015015775 0.801282051282 1.08333333333
0.919200997857 0.777472527473 1.07692307692
0.935441298173 0.791208791209 0.928571428571
0.876976217037 0.803571428571 0.857142857143
0.984162199119 0.772959183673 1.0
0.695084853503 0.810606060606 1.09090909091
0.941666746627 0.806818181818 1.09090909091
0.863983976785 0.786982248521 1.0
0.673921712155 0.806547619048 1.16666666667
0.747053814513 0.804195804196 1.18181818182
0.695084853503 0.810606060606 1.09090909091
0.589370648637 0.759615384615 1.08333333333
0.799022775523 0.788461538462 0.923076923077
0.910719952137 0.780303030303 1.09090909091
0.740557694387 0.797202797203 1.18181818182
0.688588733377 0.80303030303 1.09090909091
0.906298981496 0.776515151515 1.09090909091
0.786932774177 0.809090909091 1.1
0.853247333798 0.804166666667 1.2
0.848826363157 0.793388429752 1.0
0.901878010854 0.772727272727 1.09090909091
0.897457040213 0.768939393939 1.09090909091
0.85766830444 0.801652892562 1.0
0.91956189342 0.787878787879 1.09090909091
0.915140922778 0.784090909091 1.09090909091
0.941666746627 0.806818181818 1.09090909091
0.923982864061 0.791666666667 0.916666666667
0.901878010854 0.772727272727 1.09090909091
0.928403834703 0.795454545455 1.09090909091
0.678844553188 0.791666666667 1.09090909091
1.00798130625 0.791666666667 1.0
0.737309634324 0.793706293706 1.18181818182
0.928403834703 0.795454545455 1.09090909091
0.999139364966 0.784722222222 1.0
0.928403834703 0.795454545455 1.09090909091
0.792526655396 0.782051282051 1.08333333333
0.941666746627 0.806818181818 1.09090909091
0.737309634324 0.788194444444 1.0
0.779534415144 0.769230769231 1.08333333333
0.685340673314 0.799242424242 1.09090909091
1.01682324753 0.798611111111 1.0
0.734061574261 0.784722222222 1.0
0.792526655396 0.782051282051 1.08333333333
0.792526655396 0.782051282051 1.08333333333
0.805518895649 0.794871794872 1.08333333333
0.734061574261 0.784722222222 1.0
0.779534415144 0.769230769231 1.08333333333
0.747053814513 0.804195804196 1.18181818182
0.717821273945 0.767361111111 1.0
0.841247556343 0.770833333333 0.857142857143
0.847743676469 0.772189349112 1.0
0.805518895649 0.794871794872 0.923076923077
0.815263075838 0.804487179487 0.923076923077
0.83799949628 0.763313609467 1.0
0.610635291863 0.783333333333 1.2
0.730813514197 0.78125 1.0
0.688588733377 0.80303030303 1.09090909091
0.706647947328 0.770833333333 0.888888888889
0.750301874576 0.740384615385 1.08333333333
0.671987537499 0.76 1.0
0.74380575445 0.733974358974 1.08333333333
0.678844553188 0.730769230769 1.18181818182
0.808208695389 0.77380952381 1.07142857143
0.809037627384 0.756198347107 1.0
0.817879568667 0.764462809917 1.0
0.723657631871 0.746153846154 1.15384615385
0.67395241334 0.776018099548 1.30769230769
0.675596493125 0.787878787879 0.916666666667
0.677882165021 0.71875 1.06666666667
0.802140913183 0.777777777778 1.0
0.706647947328 0.770833333333 1.125
0.802140913183 0.777777777778 1.0
0.835563451232 0.8 0.933333333333
0.698332913566 0.746527777778 1.0
0.782020584575 0.780392156863 1.13333333333
0.805324012045 0.780864197531 1.0
0.697124957345 0.77485380117 0.947368421053
0.884194128288 0.735294117647 0.944444444444
0.530516476973 0.692307692308 1.15384615385
0.61304126228 0.693333333333 1.0
0.764336702009 0.715073529412 1.0625
0.7977395913 0.805555555556 1.28571428571
0.620900765642 0.702222222222 1.0
0.721109433515 0.719607843137 0.882352941176
0.673921712155 0.752777777778 1.25
0.65900093624 0.78869047619 1.16666666667
0.746436683101 0.814236111111 0.888888888889
0.666092909977 0.70625 0.9375
0.575708621308 0.763020833333 1.33333333333
0.771901473996 0.797697368421 0.842105263158
0.730521188792 0.794117647059 1.0
0.749619781963 0.817708333333 1.125
0.868475121563 0.818518518519 1.2
0.905807762535 0.800347222222 1.125
0.954929658551 0.794117647059 1.05882352941
0.781450770581 0.802287581699 1.05882352941
0.915632141739 0.806228373702 1.0
0.876334624926 0.819852941176 1.0625
0.876334624926 0.819852941176 1.0625
0.862580494041 0.806985294118 1.0625
0.825247853069 0.8203125 1.0
0.850791238997 0.795955882353 1.0625
0.839001983954 0.784926470588 1.0625
0.815423473866 0.810546875 1.0
1.05688829397 0.78125 1.0625
0.793809839619 0.792156862745 1.13333333333
0.762371826169 0.808333333333 1.06666666667
0.954929658551 0.8 1.06666666667
0.897733350878 0.805803571429 1.14285714286
0.902706942849 0.806666666667 1.0
0.902706942849 0.806666666667 1.0
0.887786166934 0.796875 1.14285714286
0.833076655247 0.805288461538 1.23076923077
0.785827531516 0.810256410256 1.15384615385
0.683868896098 0.818452380952 0.857142857143
0.464732433828 0.663636363636 0.454545454545
0.601252007236 0.747252747253 0.538461538462
0.755985979687 0.791666666667 0.75
0.654303654933 0.770833333333 0.666666666667
0.548200359539 0.738095238095 0.583333333333
0.64546171365 0.760416666667 0.666666666667
0.778090832894 0.8 0.909090909091
0.910719952137 0.780303030303 1.09090909091
0.707355302631 0.8 1.0
0.91956189342 0.787878787879 1.09090909091
0.91956189342 0.787878787879 1.09090909091
0.727565454134 0.777777777778 1.0
0.932824805344 0.799242424242 1.09090909091
0.901878010854 0.772727272727 1.09090909091
0.928403834703 0.795454545455 1.09090909091
0.928403834703 0.795454545455 1.09090909091
0.928403834703 0.795454545455 1.09090909091
0.901878010854 0.772727272727 1.09090909091
0.853247333798 0.797520661157 1.0
0.831142480591 0.776859504132 1.0
0.915140922778 0.784090909091 1.09090909091
0.848826363157 0.793388429752 1.0
0.782511803535 0.804545454545 1.1
0.831142480591 0.776859504132 1.0
0.769248891611 0.790909090909 1.1
0.831142480591 0.776859504132 1.0
0.839984421874 0.785123966942 1.0
0.901878010854 0.772727272727 1.09090909091
0.959350629193 0.753472222222 1.0
0.85766830444 0.808333333333 1.2
0.831142480591 0.776859504132 1.0
0.910719952137 0.780303030303 1.09090909091
0.915140922778 0.784090909091 1.09090909091
0.675596493125 0.787878787879 0.916666666667
0.730813514197 0.78125 1.0
0.721069334008 0.770833333333 1.0
0.591857444623 0.762820512821 0.923076923077
0.805518895649 0.805194805195 0.785714285714
0.750301874576 0.825 0.714285714286
0.623627532115 0.793388429752 1.0
0.661487732226 0.791666666667 0.857142857143
0.835563451232 0.780991735537 1.0
0.716197243914 0.734693877551 1.0
0.658724625575 0.752525252525 0.818181818182
0.605672977877 0.761111111111 1.11111111111
0.835563451232 0.75 1.14285714286
0.782511803535 0.804545454545 1.1
0.706647947328 0.770833333333 1.125
0.85766830444 0.808333333333 0.833333333333
0.483831026999 0.690909090909 2.2
0.835563451232 0.75 1.14285714286
0.713014145052 0.777777777778 0.888888888889
0.632198801726 0.794444444444 1.11111111111
0.782511803535 0.804545454545 1.1
0.782511803535 0.804545454545 1.1
0.707355302631 0.8 1.0
0.707355302631 0.808080808081 1.22222222222
0.891267681315 0.777777777778 0.9
0.993126844893 0.78 1.0
0.813458598025 0.760330578512 1.0
0.611154981473 0.761904761905 1.28571428571
0.611154981473 0.761904761905 0.777777777778
0.802140913183 0.777777777778 1.0
0.835563451232 0.75 0.875
0.808507110907 0.783950617284 1.0
0.802140913183 0.777777777778 1.0
0.62388737692 0.765625 1.0
0.62388737692 0.765625 1.0
0.62388737692 0.765625 1.0
0.62388737692 0.765625 1.0
0.62388737692 0.765625 1.0
0.891267681315 0.777777777778 0.9
0.62388737692 0.765625 1.0
0.62388737692 0.765625 1.0
0.62388737692 0.765625 1.0
0.62388737692 0.765625 1.0
0.62388737692 0.765625 1.0
0.62388737692 0.765625 1.0
0.611154981473 0.761904761905 0.777777777778
0.611154981473 0.761904761905 0.777777777778
0.835563451232 0.75 0.875
0.611154981473 0.761904761905 0.777777777778
0.62388737692 0.765625 1.0
0.713014145052 0.777777777778 0.888888888889
0.62388737692 0.765625 1.0
0.611154981473 0.761904761905 0.777777777778
0.891267681315 0.777777777778 0.9
0.802140913183 0.777777777778 1.0
0.802140913183 0.777777777778 1.0
0.897633879038 0.783333333333 0.9
0.891267681315 0.777777777778 1.11111111111
0.751565009045 0.772727272727 1.1
1.00585924034 0.79 1.0
0.993126844893 0.78 1.0
0.993126844893 0.78 1.0
0.706647947328 0.770833333333 0.888888888889
0.831142480591 0.776859504132 1.0
0.835563451232 0.75 1.14285714286
0.835563451232 0.75 1.14285714286
0.802140913183 0.777777777778 1.0
0.897457040213 0.768939393939 1.09090909091
0.62388737692 0.765625 1.0
1.00585924034 0.79 1.0
0.724317394071 0.774305555556 1.0
0.678844553188 0.791666666667 1.09090909091
0.839984421874 0.785123966942 1.0
0.776286355081 0.766025641026 1.08333333333
0.611154981473 0.761904761905 0.777777777778
0.82672150995 0.772727272727 1.0
0.764827920969 0.786363636364 0.909090909091
0.737309634324 0.788194444444 1.0
0.685340673314 0.799242424242 0.916666666667
0.740557694387 0.797202797203 1.18181818182
0.795774715459 0.785256410256 1.08333333333
0.792526655396 0.782051282051 1.08333333333
0.74380575445 0.800699300699 1.18181818182
0.750301874576 0.807692307692 1.18181818182
0.815263075838 0.804487179487 1.08333333333
0.812015015775 0.801282051282 1.08333333333
0.782782475207 0.782467532468 1.27272727273
0.808766955712 0.798076923077 1.08333333333
0.808766955712 0.798076923077 1.08333333333
0.818511135901 0.807692307692 1.08333333333
0.815263075838 0.804487179487 1.08333333333
0.753549934639 0.811188811189 1.18181818182
0.802270835586 0.801948051948 1.27272727273
0.621698996453 0.811688311688 1.27272727273
0.703763263984 0.786111111111 1.25
0.718684039899 0.802777777778 1.25
0.728631223843 0.804945054945 1.07692307692
0.854239796595 0.79696969697 1.36363636364
0.716197243914 0.8 1.25
0.716197243914 0.8 1.25
0.8802242771 0.806547619048 1.16666666667
0.857487856658 0.8 1.36363636364
0.70625005997 0.788888888889 1.25
0.656514140254 0.785714285714 1.16666666667
0.666461324197 0.797619047619 1.16666666667
0.870480096911 0.797619047619 1.16666666667
0.753549934639 0.811188811189 1.18181818182
0.624185792439 0.814935064935 1.27272727273
0.753549934639 0.811188811189 1.18181818182
0.663974528212 0.794642857143 1.16666666667
0.886720397226 0.8125 1.16666666667
0.802270835586 0.791666666667 1.08333333333
0.863983976785 0.791666666667 1.16666666667
0.750301874576 0.807692307692 1.18181818182
0.863983976785 0.791666666667 1.16666666667
0.789278595333 0.788961038961 1.27272727273
0.821759195964 0.810897435897 1.08333333333
0.802270835586 0.801948051948 1.27272727273
0.870480096911 0.797619047619 1.16666666667
0.863983976785 0.791666666667 1.16666666667
0.812015015775 0.811688311688 1.27272727273
0.773038295018 0.772727272727 1.27272727273
0.792526655396 0.792207792208 1.27272727273
0.863983976785 0.791666666667 1.16666666667
0.870480096911 0.797619047619 1.16666666667
0.808766955712 0.808441558442 1.27272727273
0.847743676469 0.776785714286 1.16666666667
0.750301874576 0.807692307692 1.18181818182
0.870480096911 0.797619047619 1.16666666667
0.815263075838 0.804487179487 1.08333333333
0.74380575445 0.800699300699 1.18181818182
0.69183679344 0.819230769231 1.3
0.808766955712 0.798076923077 1.08333333333
0.802270835586 0.791666666667 1.08333333333
0.847743676469 0.776785714286 1.16666666667
0.815263075838 0.804487179487 1.08333333333
0.78603053527 0.775641025641 1.08333333333
0.730813514197 0.786713286713 1.18181818182
0.740557694387 0.797202797203 1.18181818182
0.737309634324 0.793706293706 1.18181818182
0.74380575445 0.800699300699 1.18181818182
0.805518895649 0.794871794872 1.08333333333
0.747053814513 0.804195804196 1.18181818182
0.740557694387 0.797202797203 1.18181818182
0.990297423683 0.783216783217 1.18181818182
0.802270835586 0.791666666667 1.08333333333
0.740557694387 0.797202797203 1.18181818182
0.740557694387 0.797202797203 1.18181818182
0.792526655396 0.792207792208 1.27272727273
0.802270835586 0.791666666667 1.08333333333
0.990297423683 0.783216783217 1.18181818182
0.792526655396 0.792207792208 1.27272727273
0.805518895649 0.794871794872 1.08333333333
0.812015015775 0.801282051282 1.08333333333
0.853247333798 0.797520661157 1.0
0.792526655396 0.782051282051 1.08333333333
0.737309634324 0.793706293706 1.18181818182
0.802270835586 0.791666666667 1.08333333333
0.747053814513 0.804195804196 1.18181818182
0.747053814513 0.804195804196 1.18181818182
0.740557694387 0.797202797203 1.18181818182
0.747053814513 0.804195804196 1.18181818182
0.747053814513 0.804195804196 1.18181818182
0.747053814513 0.804195804196 1.18181818182
0.740557694387 0.797202797203 1.18181818182
0.740557694387 0.791666666667 1.0
0.870480096911 0.797619047619 1.16666666667
0.766542174892 0.825174825175 1.18181818182
0.805518895649 0.794871794872 1.08333333333
0.867232036848 0.794642857143 1.16666666667
0.919200997857 0.777472527473 1.07692307692
0.863983976785 0.791666666667 1.16666666667
0.870480096911 0.797619047619 1.16666666667
0.980914139056 0.774358974359 1.15384615385
0.867232036848 0.794642857143 1.16666666667
0.883472337163 0.804733727811 1.0
0.876976217037 0.803571428571 1.16666666667
0.863983976785 0.791666666667 1.16666666667
0.883472337163 0.809523809524 1.16666666667
0.681382100112 0.810650887574 1.0
0.730813514197 0.786713286713 0.846153846154
0.738578407786 0.761538461538 1.15384615385
0.76593316363 0.789743589744 1.15384615385
0.896464577416 0.821428571429 1.16666666667
0.70625005997 0.788888888889 1.25
0.758472775672 0.782051282051 1.15384615385
0.760959571658 0.780612244898 1.0
0.886720397226 0.8125 1.16666666667
0.919200997857 0.777472527473 1.07692307692
0.876976217037 0.803571428571 1.16666666667
0.935441298173 0.8 1.25
0.792526655396 0.782051282051 1.08333333333
0.721170835885 0.796703296703 1.07692307692
0.733604815814 0.81043956044 0.928571428571
0.941937418299 0.796703296703 1.07692307692
0.755985979687 0.779487179487 1.15384615385
0.773393551587 0.797435897436 1.15384615385
0.760959571658 0.784615384615 1.15384615385
0.728631223843 0.804945054945 1.07692307692
0.785827531516 0.80612244898 1.0
0.773393551587 0.797435897436 1.15384615385
0.721170835885 0.805555555556 1.25
0.775880347573 0.8 1.15384615385
0.611751812509 0.788461538462 1.08333333333
0.802270835586 0.791666666667 1.08333333333
1.01240227689 0.795138888889 1.0
0.852971023133 0.824519230769 1.23076923077
0.838050247218 0.810096153846 1.23076923077
0.993906379309 0.784615384615 0.866666666667
0.769248891611 0.790909090909 1.1
0.768266453691 0.814583333333 0.9375
0.611154981473 0.761904761905 0.777777777778
0.723074309356 0.817777777778 1.0
0.78603053527 0.775641025641 1.08333333333
0.795774715459 0.794117647059 1.13333333333
0.750582571125 0.795833333333 1.06666666667
0.903842886695 0.795847750865 1.0
0.907772638376 0.810526315789 1.26666666667
0.736887386515 0.803819444444 1.125
0.905807762535 0.800347222222 1.125
0.84829584668 0.825077399381 1.11764705882
0.868985989282 0.84520123839 1.11764705882
0.749619781963 0.817708333333 0.888888888889
0.715539578859 0.842105263158 1.11764705882
0.56953793685 0.773214285714 0.7
0.872063861735 0.837121212121 1.22222222222
0.73719685446 0.842171717172 1.22222222222
0.82672150995 0.813043478261 1.15
0.714784626075 0.798947368421 1.31578947368
0.793564230139 0.787280701754 1.26315789474
0.72608556878 0.798136645963 0.913043478261
0.725129409087 0.780594405594 1.18181818182
0.791714640381 0.815217391304 1.13043478261
0.791065989332 0.760869565217 1.04347826087
0.734942159433 0.806677018634 1.21739130435
0.761821660933 0.801339285714 1.16666666667
0.595593164815 0.764065335753 1.52631578947
0.580129591949 0.732630272953 1.19230769231
0.598704744373 0.730107526882 1.03333333333
0.804970334394 0.824637681159 1.30434782609
0.731341745419 0.793309438471 1.14814814815
0.763446367644 0.783163265306 1.0
0.707355302631 0.800889877642 1.06896551724
0.742723067762 0.830769230769 1.34615384615
0.663326043998 0.755756578947 0.842105263158
0.762933219266 0.838888888889 0.972222222222
0.752368821889 0.792792792793 1.05405405405
0.700281749604 0.78125 0.909090909091
0.707721536885 0.776342975207 1.0
0.747039400045 0.801262626263 1.02272727273
0.737621947791 0.767892156863 1.275
0.488021024481 0.539982030548 1.2619047619
0.67481695871 0.796992481203 1.35714285714
0.78392651414 0.764310344828 1.16
0.613772334248 0.64737704918 1.22
0.748861274934 0.769831730769 1.23076923077
0.561784468514 0.6205510907 1.28846153846
0.598304693475 0.601927353595 1.24561403509
0.576348077942 0.601967213115 1.22950819672
0.471198103391 0.583949704142 1.5
0.73956523159 0.766647961092 1.22727272727
0.467393910757 0.513038548753 1.33333333333
0.499785818825 0.539263907734 1.31343283582
0.499578039705 0.553223388306 1.26086956522
0.506408371444 0.543037037037 1.2
0.525456573881 0.574420289855 1.22666666667
0.437867079434 0.572880226553 1.26086956522
0.385173797187 0.489234449761 1.15789473684
0.412420374071 0.51763618262 1.12658227848
0.663974528212 0.790800290135 1.06818181818
0.467694222562 0.539004205671 1.12345679012
0.461800213577 0.635269360269 1.36363636364
0.448685406508 0.47504456328 0.862745098039
0.522296234687 0.607309236948 1.10666666667
0.139701871732 0.222771139706 1.0625
0.489208720504 0.622821500642 0.873417721519
0.494126976404 0.66248682824 0.890410958904
0.427418189528 0.604651162791 0.720930232558
0.443342009477 0.611306179775 0.719101123596
0.495563177839 0.696775446775 0.846153846154
0.404814095414 0.558964646465 0.654545454545
0.298539839145 0.444842044387 0.547169811321
0.388243273574 0.487340896514 0.748201438849
0.39162531224 0.452036761053 0.739393939394
0.396680546821 0.445052946407 0.780898876404
0.472737861699 0.597765072765 1.13846153846
0.475974304314 0.577907860047 1.15827338129
0.464374838368 0.605057732965 1.2027972028
0.448297402809 0.499323779926 1.06077348066
0.3860806594 0.51133528349 1.19796954315
0.412475469249 0.497419857618 1.27461139896
0.415966106402 0.508221367144 1.30366492147
0.416512954858 0.484867330017 1.25373134328
0.433990558431 0.500694203402 1.28358208955
0.455624868937 0.500401276058 1.28426395939
0.480412491831 0.513788171783 1.27918781726
0.464063794718 0.498835843861 1.28571428571
0.474538237569 0.506295918367 1.27551020408
0.479922783748 0.517319587629 1.28865979381
0.466679513831 0.503277572043 1.28795811518
0.477169437701 0.505241587575 1.28421052632
0.4764128434 0.501850620567 1.27659574468
0.467905267389 0.51219683491 1.30386740331
0.484432985812 0.518963109228 1.29608938547
0.476538978199 0.524652672908 1.34302325581
0.477023022874 0.529269865841 1.34117647059
0.489463126309 0.557914951989 1.38888888889
0.473852124735 0.537940718496 1.37037037037
0.485434847934 0.574617737003 1.45333333333
0.472848020596 0.5887487717 1.51408450704
0.463890622559 0.577595807403 1.51408450704
0.456706612122 0.579037012774 1.51408450704
0.45514367734 0.560136622637 1.51048951049
0.452702226735 0.579464285714 1.54285714286
0.457210389639 0.554797956049 1.47619047619
0.447927783077 0.57427288698 1.54609929078
0.450985527121 0.567503272983 1.53146853147
0.444659142831 0.551561533704 1.49659863946
0.452274748612 0.554696098814 1.49324324324
0.44731405443 0.552119233327 1.48993288591
0.455555919366 0.548722563134 1.46710526316
0.450616082354 0.576416256158 1.54482758621
0.451663075174 0.552332597498 1.49006622517
0.447469515982 0.561739027143 1.51677852349
0.449681315503 0.554584706946 1.50331125828
0.453723548408 0.544038922657 1.43670886076
0.463702795989 0.559296329997 1.47133757962
0.454619463486 0.548249940021 1.44720496894
0.48491786578 0.528580087186 1.30939226519
0.476852844326 0.527838709677 1.34408602151
0.506484281475 0.513931610095 1.22535211268
0.672748048519 0.745603761867 1.15384615385
0.603247561371 0.757140103729 1.06034482759
0.389861223686 0.557175605075 1.1017699115
0.440548344963 0.571529313437 1.11453744493
0.45595891376 0.605438772105 1.09459459459
0.465392538651 0.624845999846 1.05405405405
0.497350681143 0.634752869343 0.986899563319
0.529708757481 0.658532038073 0.907172995781
0.518788273428 0.667764120574 0.844537815126
0.532243503279 0.679708481331 0.81512605042
0.535913335949 0.693141772838 0.781512605042
0.540423036047 0.692380195321 0.77731092437
0.53709361099 0.718163329161 0.789915966387
0.547974714534 0.721204188482 0.802521008403
0.51499002808 0.718083007851 0.894957983193
0.4619529522 0.735887096774 1.04201680672
0.466249037054 0.746765010352 1.15966386555
0.429376734692 0.723552908005 1.27731092437
0.374882518531 0.641258390149 1.33613445378
0.277745825729 0.475100417526 1.33613445378
0.239776022783 0.42505 1.5
0.2570348889 0.461898871192 1.53793103448
0.267036094616 0.442615518745 1.1935483871
0.298489381732 0.510583478674 1.33613445378
0.392590432193 0.671548808203 1.33613445378
0.387995878017 0.646936284266 1.3417721519
0.3818096037 0.646688864225 1.33613445378
0.35456379797 0.606502034776 1.33613445378
0.286895236299 0.490751017388 1.33613445378
0.260084257752 0.444889276465 1.33613445378
0.264525719194 0.452486655039 1.33613445378
0.308797434418 0.528216003382 1.33613445378
0.317771620765 0.538224723852 1.33613445378
0.363899917876 0.521183340369 1.34347826087
0.382471572585 0.580138347193 1.18691588785
0.414362538422 0.681391807186 1.28191489362
0.445534519812 0.670972045358 1.15458937198
0.43845840518 0.638196455053 1.0
0.449664080625 0.659839668085 1.00420168067
0.452563035459 0.688183844967 1.02941176471
0.454958564453 0.713841634215 1.03361344538
0.454376954059 0.709329044118 1.0756302521
0.456039334935 0.719947438435 1.08823529412
0.457251049118 0.721726858682 1.10084033613
0.454071805353 0.713930308966 1.11764705882
0.460441217922 0.715871106807 1.13025210084
0.453547378105 0.715766380353 1.13865546218
0.456809072001 0.713020609704 1.1512605042
0.45362632295 0.715941851193 1.1512605042
0.449116376062 0.716677912041 1.1512605042
0.485331119884 0.734975101152 1.13445378151
0.476720482178 0.688391635724 1.08403361345
0.497455242835 0.663340336134 1.02521008403
0.435405828459 0.661674691151 1.02183406114
0.428083954792 0.666473200302 1.03493449782
0.412904154509 0.633933955237 1.03862660944
0.41634577013 0.618028259691 1.04201680672
0.422249222658 0.609477124183 1.05882352941
0.428371455191 0.613445378151 1.06722689076
0.435689255775 0.621662381329 1.08016877637
0.429006781208 0.621698081623 1.05462184874
0.442753240334 0.6314092827 1.05485232068
0.444621534386 0.623519025338 1.02553191489
0.455694773811 0.622721103408 1.00429184549
0.460646780697 0.62084057971 0.978260869565
0.470409029819 0.619644753924 0.96943231441
0.451801240023 0.617109964272 0.960698689956
0.465247179899 0.621119330585 0.951754385965
0.455364361082 0.596780867262 0.929824561404
0.524675096819 0.611992385787 0.879464285714
0.555655840371 0.590950535674 0.766355140187
0.392913765758 0.58931803134 0.583756345178
0.234375383654 0.672643623924 0.28323699422
0.12455604242 0.6 0.163043478261
0.145282320857 0.454014129737 0.260115606936
0.184261689945 0.400759734093 0.389423076923
0.219682420171 0.380028157683 0.513636363636
0.296654575181 0.390981763067 0.800884955752
0.337109316566 0.372509885497 1.0
0.371792820039 0.566760287806 1.71323529412
0.411511020858 0.417493386243 1.03703703704
0.417796190422 0.423671858332 0.98623853211
0.42183796618 0.615259373892 1.43537414966
0.518107544312 0.478663894458 1.0
0.417119561005 0.487984162506 0.848648648649
0.504079213721 0.606757508343 1.16935483871
0.422784906291 0.490684315684 0.844155844156
0.399427754367 0.57743697479 0.607142857143
0.436359626689 0.578333333333 0.75
0.483433139642 0.714285714286 0.857142857143
0.35562654074 0.554108584006 0.617021276596
0.519424810985 0.633163265306 1.25
0.479669191368 0.677459526775 1.65909090909
0.451190894185 0.635604323616 1.6511627907
0.421130985647 0.663088849135 1.81395348837
0.425434917016 0.507595648912 1.38709677419
0.400680380229 0.486996547756 1.43636363636
0.44042285041 0.483793103448 1.29310344828
0.571811526843 0.596047794118 1.0625
0.608946637799 0.615845168477 1.10526315789
0.5544847145 0.586761521806 1.15094339623
0.431755397129 0.603472222222 1.66666666667
0.506608540615 0.531150793651 1.24444444444
0.439237363753 0.555263157895 1.44736842105
0.497359197162 0.550314465409 1.2619047619
0.492690110821 0.587082728592 1.35897435897
0.506494690896 0.615027829314 1.48484848485
0.542654693966 0.672664141414 1.45454545455
0.454291869562 0.702915681639 1.74074074074
0.464477785919 0.646808510638 1.56666666667
0.475172998095 0.647916666667 1.6
0.455819757015 0.68009118541 1.67857142857
0.455819757015 0.665922619048 1.71428571429
0.417877218582 0.610491071429 1.71428571429
0.447161728111 0.677469135802 1.77777777778
0.421187641398 0.594109195402 1.65517241379
0.453527925835 0.639727011494 1.65517241379
0.412529612494 0.602678571429 1.71428571429
0.450981446745 0.658854166667 1.71428571429
0.441050178296 0.631195335277 1.75
0.460912715194 0.628472222222 1.6
0.448689615565 0.632902298851 1.65517241379
0.454801165379 0.620138888889 1.6
0.445124544839 0.587365591398 1.54838709677
0.453018630017 0.5791015625 1.5
0.351923410165 0.495340501792 1.45161290323
0.367769495235 0.480158730159 1.27272727273
0.477741139941 0.585704607046 1.13888888889
0.483359456798 0.652519893899 0.896551724138
0.688588733377 0.80303030303 0.916666666667
0.740758191922 0.785416666667 1.06666666667
0.280615294399 0.505158730159 0.486111111111
0.656268530774 0.695833333333 0.9375
0.493361399097 0.788566243194 1.96551724138
0.479630202651 0.6921875 1.66666666667
0.764739501557 0.794871794872 1.25806451613
0.618316953912 0.737891737892 1.44444444444
0.63622188501 0.732142857143 1.39285714286
0.643854087963 0.785084202085 1.48275862069
0.54621223073 0.74358974359 0.576923076923
0.47393328468 0.83875 2.08333333333
0.305057801126 0.621164021164 2.59259259259
0.314801981316 0.573626893939 2.0625
0.52345133483 0.782682512733 1.83870967742
0.535617596944 0.69699754902 1.59375
0.520473778232 0.607853136155 1.43243243243
0.470968709149 0.660425101215 1.46153846154
0.411930440944 0.602254428341 1.17391304348
0.433408097624 0.61102484472 0.821428571429
0.526477943238 0.707100591716 1.0
0.435263221298 0.563725490196 0.78431372549
0.335834564821 0.495930989583 1.33333333333
0.346876158021 0.483236151603 1.42857142857
0.363031109863 0.597402597403 1.90909090909
0.25538013221 0.515189520624 2.35897435897
0.319603020096 0.563684210526 1.97368421053
0.313870647069 0.439254486884 1.54716981132
0.323801252453 0.563612392881 2.21621621622
0.350405975243 0.468481012658 1.58
0.32480600631 0.617283950617 2.25
0.305717615255 0.532135794331 2.21621621622
0.377088700394 0.48488372093 1.56363636364
0.33540917759 0.406698564593 1.54385964912
0.362682284318 0.492649602214 1.66101694915
0.230138989456 0.435606060606 2.31818181818
0.192036240788 0.383648393195 2.5
0.221907685546 0.548396389476 3.09756097561
0.231347625278 0.45064484127 2.28571428571
0.191513992092 0.526680175616 3.35714285714
0.293436614551 0.558683926645 2.28888888889
0.322103660298 0.626666666667 2.38095238095
0.347503988171 0.673050615595 2.37209302326
0.286081010208 0.356136488718 1.45569620253
0.299503217423 0.404166666667 1.55844155844
0.340353507111 0.480099502488 1.61194029851
0.363350167344 0.41184041184 1.32142857143
0.335159197761 0.638684719536 2.34042553191
0.26344812168 0.543787974021 2.58139534884
0.371649122533 0.70184013801 2.36170212766
0.3837059616 0.753462870335 2.45652173913
0.375141139922 0.752476155539 2.46808510638
0.389040159645 0.729636202307 2.34693877551
0.415430892021 0.435147849462 1.29166666667
0.415086521397 0.436972128378 1.15315315315
0.467792999905 0.472730434783 1.08695652174
0.396410822613 0.437628689087 1.31914893617
0.414204909675 0.747222222222 2.22222222222
0.422250187153 0.493954545455 1.42045454545
0.441976765623 0.5511 1.5625
0.436121846012 0.530535072793 1.43023255814
0.42204955281 0.492307692308 1.39784946237
0.379433326124 0.576119724376 1.79166666667
0.396973934043 0.738814089487 2.26315789474
0.428870775645 0.523207720588 1.50588235294
0.442116185989 0.46251620337 1.2358490566
0.387440829749 0.484126984127 1.47777777778
0.404870686865 0.47388229927 1.42708333333
0.356500097145 0.491820368885 1.68604651163
0.432436115068 0.485294117647 1.38775510204
0.369088369392 0.497880591631 1.57142857143
0.355927038026 0.715028490028 2.40740740741
0.359304341223 0.713642960813 2.45283018868
0.335811084012 0.666981132075 2.45283018868
0.33168240895 0.676654740608 2.48076923077
0.340158375413 0.678335336538 2.46153846154
0.328449853598 0.609634114241 2.25862068966
0.310673664167 0.587304876364 2.22807017544
0.288655097808 0.583442752101 2.42857142857
0.290463621198 0.611729090397 2.52830188679
0.337893404572 0.654622101777 2.27777777778
0.359464936505 0.682547169811 2.2641509434
0.34919687566 0.656240273887 2.2037037037
0.355393287329 0.640138674884 2.14545454545
0.364862707038 0.630481283422 2.16363636364
0.361414349938 0.60234305924 2.01724137931
0.372900808922 0.622120518688 2.01754385965
0.402299438169 0.53417921321 1.6338028169
0.418187733124 0.527528809219 1.54929577465
0.428429322842 0.62255351682 1.81666666667
0.439215029729 0.63357619915 1.77049180328
0.422115738323 0.554380873411 1.61194029851
0.430270784994 0.573653198653 1.63636363636
0.460654224861 0.568733153639 1.51428571429
0.481600931392 0.619172494172 1.57575757576
0.489646499893 0.585184182015 1.46478873239
0.469362601842 0.585690045249 1.52941176471
0.466812949852 0.605987055016 1.56060606061
0.516488397053 0.614495798319 1.45714285714
0.433950768651 0.580931432039 1.609375
0.454980662019 0.565554580041 1.5223880597
0.476852930225 0.584533453345 1.5303030303
0.460209276045 0.593513257576 1.546875
0.469143002186 0.5867003367 1.5
0.480218375004 0.54296388543 1.35616438356
0.528139763156 0.564353741497 1.30666666667
0.485909036176 0.598597919493 1.4776119403
0.575105491989 0.636443661972 1.35211267606
0.556573986141 0.626622323167 1.37313432836
0.588632601435 0.648922056385 1.34328358209
0.552755045738 0.635177182368 1.36923076923
0.514876065281 0.593602754621 1.43548387097
0.525722179922 0.552627230668 1.30882352941
0.559753829482 0.615557476232 1.36923076923
0.513944104984 0.562664690382 1.27536231884
0.516501415034 0.591167355372 1.33333333333
0.482966481629 0.529011707989 1.33333333333
0.708770013236 0.751124437781 1.26086956522
0.538417786204 0.606181051265 1.37313432836
0.507325184856 0.54307568438 1.30434782609
0.513200841849 0.542085235921 1.23287671233
0.50116875697 0.547889098929 1.33333333333
0.465648889635 0.546322907861 1.4
0.494180060963 0.509281259281 1.22972972973
0.415985706293 0.503511705686 1.41538461538
0.404104347694 0.521204561654 1.50819672131
0.398571817648 0.589514066496 1.80392156863
0.39244770259 0.569293478261 1.76923076923
0.403110867632 0.563103864734 1.7037037037
0.404623884293 0.554940711462 1.67272727273
0.406713288254 0.568136070853 1.7037037037
0.40541641683 0.566324476651 1.7037037037
0.412981500137 0.566403162055 1.67272727273
0.414494516798 0.589930270714 1.7358490566
0.41543114616 0.559588509317 1.64285714286
0.426742746914 0.596115136876 1.7037037037
0.430993603248 0.602053140097 1.7037037037
0.444250511138 0.620571658615 1.7037037037
0.472205295167 0.66687016687 1.68518518519
0.550122520687 0.705031810295 1.59649122807
0.599463561646 0.663503163503 1.37878787879
0.613453551918 0.664061227813 1.28985507246
0.528460600266 0.592012133468 1.24637681159
0.509313033139 0.603775510204 1.0
0.507288628844 0.661971830986 0.802816901408
0.598682430831 0.761904761905 0.761904761905
0.688328888572 0.754700854701 1.2037037037
0.5735865554 0.724007936508 1.4
0.53420644997 0.739086573734 1.62068965517
0.568718079685 0.648904006047 1.10204081633
0.355037949974 0.698148148148 0.37037037037
0.33771303511 0.652277039848 2.1935483871
0.399129613943 0.778062678063 2.40740740741
0.529967125592 0.803928571429 1.78571428571
0.567421971023 0.759259259259 1.7037037037
0.637341563493 0.797651309846 1.51851851852
0.675416545199 0.71992481203 1.35714285714
0.830651261631 0.800662878788 1.03125
0.587537975859 0.729390681004 1.16129032258
0.678473667437 0.717948717949 1.26923076923
0.593855147769 0.733660130719 1.25925925926
0.681777922311 0.767990074442 1.19230769231
0.654303654933 0.74 1.0
0.647810354304 0.723611111111 1.25
0.717440641906 0.795862068966 1.16
0.693194381045 0.739389920424 1.11538461538
0.71796563217 0.755208333333 1.16666666667
0.720087698078 0.790372670807 1.21739130435
0.666328695078 0.731366459627 1.21739130435
0.706647947328 0.775621118012 1.21739130435
0.662084563262 0.726708074534 1.21739130435
0.687549354157 0.782608695652 1.17391304348
0.600079096658 0.733134920635 1.55555555556
0.583838796342 0.675751879699 1.47368421053
0.590641677697 0.702861952862 1.22727272727
0.630253574644 0.757653061224 1.33333333333
0.62388737692 0.7875 1.4
0.506697369844 0.705882352941 1.52941176471
0.710513138803 0.76486013986 1.18181818182
0.647230101907 0.742694805195 1.27272727273
0.606483925155 0.736842105263 1.21052631579
0.769405849148 0.807312252964 1.04545454545
0.791065989332 0.795454545455 1.09090909091
0.792458987478 0.812925170068 1.0
0.747144038404 0.766439909297 1.0
0.726144427857 0.782142857143 0.952380952381
0.795774715459 0.796052631579 1.05263157895
0.443893083467 0.574879227053 1.17391304348
0.996192051205 0.782407407407 1.0
0.803634218822 0.811507936508 1.28571428571
0.602421189554 0.708978328173 0.894736842105
0.861028242127 0.790935672515 1.05555555556
0.668187694964 0.786377708978 1.11764705882
0.771901473996 0.797697368421 1.1875
0.778267671719 0.804276315789 1.1875
0.803732462614 0.78173374613 1.11764705882
0.673225409279 0.795112781955 1.35714285714
0.767126825703 0.792763157895 1.1875
0.77985922115 0.758513931889 0.894736842105
0.635304442259 0.7546875 1.25
0.759169078548 0.784539473684 1.1875
0.783042320012 0.809210526316 0.842105263158
0.755985979687 0.77614379085 0.944444444444
0.882229252448 0.779513888889 1.125
0.714605694483 0.779513888889 1.125
0.852756114838 0.803703703704 1.2
0.82721272891 0.77962962963 1.2
0.809528846344 0.8046875 1.0
0.862580494041 0.812962962963 0.833333333333
0.750582571125 0.795833333333 0.9375
0.799704467141 0.80753968254 1.28571428571
0.758442074487 0.765873015873 1.28571428571
0.687706544224 0.79185520362 1.30769230769
0.770231329531 0.76862745098 1.13333333333
0.717179681834 0.825791855204 1.30769230769
0.787915212097 0.795634920635 1.28571428571
0.744687943603 0.809829059829 1.38461538462
0.752547446965 0.804621848739 1.21428571429
0.789880087938 0.78515625 1.0
0.801669342981 0.809523809524 1.28571428571
0.711285054312 0.819004524887 1.30769230769
0.658233406615 0.821078431373 1.41666666667
0.738793316081 0.803418803419 1.38461538462
0.762371826169 0.82905982906 1.38461538462
0.754512322806 0.820512820513 1.38461538462
0.70539042679 0.81221719457 1.30769230769
0.758442074487 0.824786324786 1.38461538462
0.732898688559 0.797008547009 1.38461538462
0.728968936878 0.792735042735 1.38461538462
0.660198282455 0.777777777778 1.5
0.719144557674 0.782051282051 1.38461538462
0.746652819443 0.811965811966 1.38461538462
0.717179681834 0.779914529915 1.38461538462
0.727004061037 0.790598290598 1.38461538462
0.73682844024 0.801282051282 1.38461538462
0.742723067762 0.807692307692 1.38461538462
0.728968936878 0.792735042735 1.38461538462
0.740758191922 0.805555555556 1.38461538462
0.715214805993 0.777777777778 1.38461538462
0.670022661658 0.77149321267 1.30769230769
0.727004061037 0.790598290598 1.38461538462
0.732898688559 0.797008547009 1.38461538462
0.723074309356 0.786324786325 1.38461538462
0.730933812718 0.794871794872 1.38461538462
0.687706544224 0.79185520362 1.30769230769
0.732898688559 0.783613445378 1.21428571429
0.685741668384 0.779017857143 1.14285714286
0.683868896098 0.763888888889 1.25
0.758472775672 0.782051282051 1.15384615385
0.611751812509 0.788461538462 1.08333333333
0.812015015775 0.801282051282 0.923076923077
0.928403834703 0.795454545455 0.916666666667
0.764827920969 0.786363636364 0.909090909091
0.694092390706 0.785 1.0
0.698789672013 0.771978021978 1.07692307692
0.727004061037 0.77731092437 1.21428571429
0.795774715459 0.75 1.2
0.646169068953 0.805555555556 1.28571428571
0.652535266677 0.770676691729 1.35714285714
0.689140903588 0.759649122807 1.26666666667
0.713014145052 0.785964912281 1.26666666667
0.74484513367 0.78 1.33333333333
0.5616459562 0.7625 1.42857142857
0.661611044423 0.748511904762 1.3125
0.669503025073 0.75744047619 1.3125
0.655034393882 0.741071428571 1.3125
0.669503025073 0.771212121212 1.46666666667
0.694494297128 0.785714285714 1.3125
0.676079675614 0.778787878788 1.46666666667
0.680025665938 0.734375 1.375
0.705016937994 0.716577540107 1.29411764706
0.621146375123 0.718670076726 1.35294117647
0.680025665938 0.783333333333 1.46666666667
0.790248502158 0.777173913043 0.869565217391
0.762617435649 0.78231292517 1.0
0.604567735217 0.743206521739 1.4375
0.628883073745 0.727621483376 1.35294117647
0.671987537499 0.745098039216 1.41176470588
0.753775494366 0.789351851852 1.33333333333
0.781406560875 0.76847826087 1.15
0.573282601137 0.774122807018 1.26315789474
0.585462826374 0.693269230769 1.3
0.662988638679 0.733333333333 1.2
0.695007976342 0.82 1.38888888889
0.711017645174 0.806623931624 1.44444444444
0.53279603996 0.767921146953 1.72222222222
0.604788783749 0.719696969697 0.545454545455
0.543386995053 0.824285714286 1.78571428571
0.448419052161 0.644736842105 1.65217391304
0.450571611745 0.627764127764 1.68181818182
0.647188655307 0.815830721003 1.31818181818
0.741308357157 0.776296296296 1.08
0.719927437892 0.778225806452 1.29166666667
0.754742581694 0.790364583333 1.33333333333
0.682328631456 0.79935483871 1.24
0.630233925885 0.733142857143 1.4
0.657781648457 0.767489711934 1.33333333333
0.738902173468 0.787593984962 1.35714285714
0.635028222937 0.7 1.26666666667
0.623627532115 0.8 1.48148148148
0.623489489562 0.730195712954 1.27586206897
0.670160690127 0.782642089094 1.35483870968
0.593791619279 0.763139204545 1.375
0.600714417206 0.744633838384 1.45454545455
0.588590765872 0.735294117647 1.47058823529
0.637893011912 0.74024822695 1.30555555556
0.680829478782 0.761904761905 1.48484848485
0.511417883802 0.704678362573 1.58333333333
0.610635291863 0.77366255144 1.5
0.584041800096 0.761111111111 1.54285714286
0.53460161946 0.719892952721 1.55263157895
0.542587799154 0.729114452799 1.65789473684
0.553647216188 0.738947833775 1.48717948718
0.510507378014 0.72421875 1.6
0.495913810434 0.716135084428 1.58536585366
0.498587244563 0.699035812672 1.5
0.533463790734 0.705194805195 1.59090909091
0.480771372415 0.72123015873 1.71428571429
0.480603980027 0.719454887218 1.80952380952
0.518587704118 0.731404958678 1.75
0.491788774154 0.772983114447 1.90243902439
0.483035252284 0.759224515322 1.90243902439
0.460592961726 0.732845248349 1.88372093023
0.452111916005 0.7274970964 1.95238095238
0.458247140569 0.737369337979 1.95238095238
0.429701904722 0.732072829132 2.02380952381
0.449662208065 0.723145071982 1.95348837209
0.434963225155 0.723803009576 1.97674418605
0.453449562038 0.712662337662 1.90909090909
0.429679048831 0.72238372093 1.95454545455
0.45855695897 0.713299232737 1.84782608696
0.424513468247 0.704619225968 1.97777777778
0.44374755985 0.705397301349 1.89130434783
0.435652271387 0.707918263091 1.93333333333
0.417819333117 0.709269662921 2.02272727273
0.410171612052 0.67261342155 2.0
0.410315708877 0.69536019536 2.02222222222
0.414278371561 0.686813186813 1.97826086957
0.399199833389 0.697946859903 2.04444444444
0.40362080403 0.690335538752 2.0
0.404864202023 0.692789598109 2.08888888889
0.399643961641 0.682322317791 2.0
0.396793623219 0.677455862381 2.0
0.39864965754 0.673460246361 2.02127659574
0.406670377288 0.687010078387 2.02127659574
0.412808133645 0.713807931199 1.97826086957
0.431809323389 0.709115612648 1.91304347826
0.435720503465 0.708363903155 1.85106382979
0.444896733643 0.722398632145 1.9347826087
0.441512671465 0.709259259259 1.875
0.437117718306 0.710088951311 1.85416666667
0.439423267505 0.713834269663 1.85416666667
0.442442452476 0.718210361068 1.85714285714
0.446448957119 0.71021978022 1.82
0.436657501867 0.722 1.9
0.421195552058 0.7156 2.0
0.413270258068 0.694402132521 1.94230769231
0.420182647907 0.706016755522 1.94230769231
0.413988423646 0.701275887574 2.0
0.407885292611 0.702044025157 2.03773584906
0.443739765302 0.716567544605 1.94545454545
0.425749622959 0.706144781145 1.96363636364
0.431525634941 0.702047413793 1.93103448276
0.428347845449 0.690591589451 1.88524590164
0.405298579065 0.663391162917 1.91935483871
0.38623845096 0.647137866165 2.0
0.368260052939 0.668124658283 2.10169491525
0.352099704871 0.633265582656 2.05
0.362629203441 0.620234970629 2.01587301587
0.351971982711 0.619532291288 2.07936507937
0.360507974469 0.629447115385 2.03125
0.365016989891 0.612091503268 1.98529411765
0.354414479756 0.606175173283 2.0
0.378517875963 0.625404277517 1.9014084507
0.361295671581 0.625301810865 2.02857142857
0.35628002323 0.619252873563 2.01388888889
0.376737434181 0.651163928013 1.97222222222
0.385472252117 0.618272625506 1.86075949367
0.352707342258 0.613191632928 1.94871794872
0.349482857637 0.599034404414 1.9746835443
0.342626420215 0.591983938132 2.0
0.353906007237 0.589887640449 1.84269662921
0.345326547992 0.550798829883 1.74257425743
0.318479037999 0.559491263521 1.90425531915
0.364883648478 0.567467500411 1.71844660194
0.35089396917 0.543827016973 1.62608695652
0.350713946612 0.535995964784 1.62068965517
0.348598681556 0.519332200965 1.57983193277
0.342663468402 0.504868373603 1.59322033898
0.347160926425 0.531301212717 1.67256637168
0.350679345967 0.515609536662 1.62393162393
0.366879373335 0.522118692036 1.6218487395
0.384820736902 0.543837156995 1.62393162393
0.385990911881 0.523597883598 1.512
0.384872085116 0.554876621248 1.67256637168
0.415284621942 0.555955615942 1.53333333333
0.411806507484 0.528314427508 1.46774193548
0.410446410645 0.537004044684 1.49152542373
0.45368305617 0.568268015171 1.48672566372
0.423489689933 0.562682748538 1.52678571429
0.428637664636 0.592123120352 1.5504587156
0.408109414718 0.562550730519 1.57142857143
0.421100903887 0.547831083022 1.5
0.441177261137 0.575031426776 1.54954954955
0.508389067793 0.615315315315 1.48648648649
0.449214374789 0.568706756207 1.4358974359
0.429403966214 0.554107505071 1.46551724138
0.44342765296 0.554776269482 1.45299145299
0.475291404553 0.582002635046 1.4347826087
0.440514199261 0.565634674923 1.49122807018
0.464680286351 0.571920289855 1.46086956522
0.516083129749 0.606540084388 1.42342342342
0.453858424115 0.579295759174 1.47747747748
0.501158181155 0.620399671824 1.46296296296
0.544814325303 0.642255892256 1.42592592593
0.558585800438 0.683247964276 1.30555555556
0.536061563812 0.710232668566 1.08333333333
0.65573116743 0.734357398874 0.885714285714
0.593266492001 0.724958210107 0.762376237624
0.677494628956 0.755046372068 0.829787234043
0.588057784773 0.7185932879 0.762376237624
0.617205499971 0.681005456868 0.878787878788
0.519353656901 0.68962585034 1.04081632653
0.449741659212 0.631422413793 1.16
0.477189474703 0.666538461538 1.04
0.469066651362 0.663258928571 1.12
0.509703624881 0.652348709268 1.36274509804
0.487933687755 0.611524822695 1.41
0.502605264954 0.62133515378 1.44897959184
0.497552078845 0.615691489362 1.35576923077
0.499727920293 0.650991973345 1.52688172043
0.523967369259 0.680096574619 1.5
0.547828696028 0.670578343204 1.45360824742
0.56604684489 0.702848030854 1.43298969072
0.566614295429 0.708650829225 1.42268041237
0.589125039157 0.745030284206 1.45744680851
0.603027060713 0.73376872839 1.44210526316
0.614695366942 0.737816764133 1.42105263158
0.609720345366 0.736536994661 1.45263157895
0.594681953644 0.749207085944 1.49462365591
0.662727735097 0.801398657935 1.43010752688
0.607948477472 0.719411860541 1.41935483871
0.666341251681 0.788701622971 1.41573033708
0.645815391302 0.854368932039 1.24096385542
0.637150288845 0.821290175519 1.30487804878
0.651995918772 0.836225728155 1.2875
0.610787384305 0.800323508267 1.37179487179
0.579102703017 0.761544011544 1.4025974026
0.606080607424 0.767470225283 1.46376811594
0.628598363236 0.756280637255 1.41176470588
0.593135539686 0.725827384815 1.37313432836
0.662270487912 0.750780640125 1.37704918033
0.649590758211 0.723734177215 1.31666666667
0.594345875583 0.734039803567 1.37735849057
0.564410585224 0.696363636364 1.32
0.669649172862 0.736419157827 1.19607843137
0.632198801726 0.752314814815 1.22727272727
0.633777719812 0.728758169935 1.21428571429
0.624393878248 0.744791666667 1.2
0.646014334981 0.742222222222 1.28571428571
0.723102726982 0.769957983193 1.23529411765
0.723359216353 0.747532894737 1.1875
0.710686338682 0.767619047619 1.16666666667
0.728477717918 0.784656084656 1.2962962963
0.664619253097 0.765271493213 1.30769230769
0.647188655307 0.763196480938 1.40909090909
0.731118019828 0.750957854406 0.931034482759
0.690707585059 0.766206896552 1.16
0.764106129844 0.800170068027 1.33333333333
0.591349032999 0.829365079365 1.55555555556
0.75923403975 0.781772575251 1.13043478261
0.743036982837 0.789 1.25
0.681823543187 0.804444444444 1.38888888889
0.724202078329 0.809473684211 1.31578947368
0.830037237931 0.782291666667 1.2
0.681823543187 0.804444444444 1.38888888889
0.708460545291 0.819693094629 1.35294117647
0.715092001253 0.8273657289 1.35294117647
0.751565009045 0.787037037037 1.33333333333
0.695197633367 0.819010416667 1.5
0.688566177405 0.811197916667 1.5
0.677513750801 0.798177083333 1.5
0.666461324197 0.771099744246 1.35294117647
0.64435647099 0.792119565217 1.4375
0.649882684292 0.798913043478 1.4375
0.658724625575 0.809782608696 1.4375
0.680829478782 0.802083333333 1.5
0.658724625575 0.809782608696 1.4375
0.664250838877 0.816576086957 1.4375
0.686355692084 0.80859375 1.5
0.653198412273 0.802989130435 1.4375
0.655408897594 0.805706521739 1.4375
0.656514140254 0.807065217391 1.4375
0.656514140254 0.807065217391 1.4375
0.698513361348 0.774509803922 1.41176470588
0.658724625575 0.809782608696 1.4375
0.655408897594 0.805706521739 1.4375
0.658724625575 0.809782608696 1.4375
0.656514140254 0.807065217391 1.4375
0.656514140254 0.807065217391 1.4375
0.659829868235 0.811141304348 1.4375
0.663145596216 0.815217391304 1.4375
0.657619382914 0.808423913043 1.4375
0.656514140254 0.807065217391 1.4375
0.650987926952 0.80027173913 1.4375
0.658724625575 0.809782608696 1.4375
0.660935110896 0.8125 1.4375
0.656514140254 0.807065217391 1.4375
0.656514140254 0.807065217391 1.4375
0.658724625575 0.809782608696 1.4375
0.663145596216 0.815217391304 1.4375
0.680829478782 0.787723785166 1.35294117647
0.660935110896 0.8125 1.4375
0.637725015028 0.783967391304 1.4375
0.663145596216 0.815217391304 1.4375
0.680829478782 0.787723785166 1.35294117647
0.680829478782 0.802083333333 1.5
0.652093169613 0.801630434783 1.4375
0.658724625575 0.809782608696 1.4375
0.658724625575 0.809782608696 1.4375
0.680829478782 0.787723785166 1.35294117647
0.658724625575 0.809782608696 1.4375
0.656514140254 0.807065217391 1.4375
0.660935110896 0.8125 1.4375
0.678618993461 0.785166240409 1.35294117647
0.687460934744 0.809895833333 1.5
0.680829478782 0.787723785166 1.35294117647
0.658724625575 0.809782608696 1.4375
0.663145596216 0.815217391304 1.4375
0.680829478782 0.787723785166 1.35294117647
0.678618993461 0.785166240409 1.35294117647
0.683039964103 0.790281329923 1.35294117647
0.679724236122 0.786445012788 1.35294117647
0.656514140254 0.807065217391 1.4375
0.683039964103 0.790281329923 1.35294117647
0.658724625575 0.809782608696 1.4375
0.660935110896 0.8125 1.4375
0.700723846668 0.776960784314 1.41176470588
0.660935110896 0.8125 1.4375
0.660935110896 0.8125 1.4375
0.680829478782 0.787723785166 1.35294117647
0.679724236122 0.786445012788 1.35294117647
0.678618993461 0.785166240409 1.35294117647
0.678618993461 0.785166240409 1.35294117647
0.685250449423 0.79283887468 1.35294117647
0.658724625575 0.809782608696 1.4375
0.658724625575 0.809782608696 1.4375
0.673092780159 0.746323529412 1.41176470588
0.683039964103 0.8046875 1.5
0.702934331989 0.779411764706 1.41176470588
