0.636619772368 0.8 0.9
0.62388737692 0.765625 1.0
0.662084563262 0.742857142857 1.42857142857
0.477464829276 0.692307692308 2.16666666667
0.208301989519 0.521683673469 3.0625
0.215678144178 0.540835707502 2.88888888889
0.209699424074 0.495028409091 2.75
0.844405392515 0.789256198347 1.0
0.417781725616 0.632107023411 1.76923076923
0.706647947328 0.770833333333 1.125
0.369239467973 0.659090909091 2.75
0.522937670159 0.71875 2.28571428571
0.161984364302 0.636111111111 5.0
0.311717669606 0.795673076923 3.25
0.440991821484 0.692708333333 2.0
0.201903171608 0.509966777409 3.07142857143
0.21724649732 0.56875 3.33333333333
0.210041217414 0.577380952381 3.5
0.319962013621 0.628787878788 2.35714285714
0.529065845981 0.782169117647 1.88235294118
0.555450751391 0.793181818182 1.81818181818
0.54041945121 0.606349206349 1.42857142857
0.322817203908 0.509068627451 1.76470588235
0.260969896964 0.595540758676 2.80952380952
0.398716289725 0.639627659574 1.95833333333
0.419063979796 0.643650035808 1.66197183099
0.418398568739 0.66668667467 1.7
0.424309565079 0.642655367232 1.63888888889
0.4274908396 0.612832383666 1.625
0.415915793235 0.627192982456 1.67647058824
0.43432241234 0.657268170426 1.62857142857
0.415318219083 0.630721830986 1.57746478873
0.445059114474 0.647812097812 1.58571428571
0.425942911016 0.637425658454 1.62121212121
0.434364308123 0.621766219694 1.55072463768
0.44616288756 0.628571428571 1.52173913043
0.470993405143 0.624180727932 1.42253521127
0.424531600435 0.627437743774 1.5303030303
0.428113643616 0.613372531283 1.4776119403
0.455469135837 0.638582797674 1.5
0.434395552839 0.563923089897 0.809917355372
0.472018927724 0.621695680206 1.42424242424
0.43010384275 0.590473790323 1.453125
0.454744597101 0.546209337144 1.17721518987
0.51445243805 0.675668896321 1.41538461538
0.43698531684 0.579728739003 1.41935483871
0.511668890348 0.642607392607 1.37878787879
0.503648170601 0.646748382703 1.34848484848
0.445987448148 0.654708935855 0.801724137931
0.459965077099 0.63590542522 1.41935483871
0.508589743452 0.643951833607 1.38095238095
0.440781734036 0.579275905119 0.760683760684
0.523257381858 0.616781655844 1.203125
0.584857574441 0.807203389831 0.847457627119
0.467089857884 0.706209150327 1.76470588235
0.451921443347 0.718390804598 1.89130434783
0.414043003531 0.634493141519 1.60655737705
0.440893256443 0.676269956459 1.63076923077
0.440477746633 0.619047619048 1.42028985507
0.438499456216 0.657432345774 1.63768115942
0.453186956601 0.658517140579 1.49295774648
0.520523513748 0.685192837466 0.99173553719
0.321766081103 0.551895043732 2.14285714286
0.540106803227 0.69395598319 0.963503649635
0.579278574084 0.750490356326 0.963768115942
0.544163135457 0.715759486669 0.949275362319
0.501815142822 0.648775388292 0.918518518519
0.48164707742 0.639976958525 1.04201680672
0.519452632573 0.693758234519 0.95652173913
0.543131387803 0.692195395845 0.948905109489
0.552544817979 0.70448309921 0.985294117647
0.527475116964 0.687920969915 0.963235294118
0.527625750361 0.693097014925 0.985074626866
0.537405671278 0.681493786145 1.02380952381
0.511336144499 0.67119244392 1.09917355372
0.509945429907 0.686338797814 1.10655737705
0.323763419129 0.488740920097 1.68571428571
0.586633330982 0.813160474997 1.0223880597
0.419064709341 0.614615091463 1.56097560976
0.368110897526 0.498461538462 1.08333333333
0.484488069615 0.616141732283 1.05511811024
0.478720446128 0.609695881495 1.00751879699
0.519577623168 0.62936607236 1.00724637681
0.433926779171 0.619411610192 0.957446808511
0.442388229043 0.503666427031 1.21495327103
0.423929555777 0.588264472456 0.926470588235
0.429973780207 0.6050376023 0.963503649635
0.498503123316 0.767105464565 0.676258992806
0.407216929814 0.793195199275 0.463768115942
0.253532722927 0.832881049299 0.246268656716
0.26527005663 0.833556149733 0.257575757576
0.31426499055 0.916276803119 0.281481481481
0.243964151521 0.881592039801 0.223880597015
0.15186793217 0.578184110971 0.213114754098
0.485621478323 0.886657714844 0.5
0.634149324931 0.725896599907 0.84962406015
0.636903921244 0.775884615385 0.832
0.434225029686 0.606292517007 1.36111111111
0.429598270602 0.596016961987 1.30985915493
0.385167427248 0.547342995169 1.30434782609
0.376815769396 0.534796893668 1.29166666667
0.414479642606 0.568838951311 1.18666666667
0.441406287481 0.667851170569 1.76923076923
0.381295072853 0.495460992908 1.25333333333
0.404189893476 0.550554977454 1.5
0.361159293939 0.503776683087 1.24285714286
0.435707195577 0.590448402948 1.18918918919
0.476898239945 0.603369175627 1.24
0.401834106607 0.480043859649 1.18421052632
0.283861415515 0.407735522904 1.71153846154
0.437803576102 0.555419781484 1.27027027027
0.362352962084 0.519791666667 0.834782608696
0.351002090585 0.474203919167 1.29577464789
0.590477083856 0.826546822742 0.707692307692
0.474505336532 0.606302521008 1.51785714286
0.466102767357 0.626736111111 1.48148148148
0.502163860602 0.775839793282 0.68253968254
0.285843383036 0.41629778672 1.01428571429
0.401845930932 0.548641906874 0.931818181818
0.432588570853 0.566493055556 1.11111111111
0.288881652246 0.393543543544 1.64444444444
0.381971863421 0.49896049896 1.42307692308
0.438853999175 0.599064483796 1.12328767123
0.454065539433 0.580115176152 1.13888888889
0.45340060188 0.571405648267 1.07894736842
0.559080930634 0.751190929878 0.640625
0.39173777227 0.540709459459 1.08108108108
0.466801664234 0.588144517066 1.19117647059
0.470692278506 0.551773648649 1.08108108108
0.479358403851 0.604609505613 1.49056603774
0.395086230731 0.531335616438 1.09589041096
0.421717512682 0.536605937922 1.02631578947
0.369059489997 0.50328196347 1.52083333333
0.443217604281 0.62213740458 0.603053435115
0.476742023522 0.669195091313 0.603053435115
0.43888567107 0.5745 1.06666666667
0.389435772872 0.552161654135 1.08571428571
0.389038051231 0.543224731581 0.986486486486
0.492080715174 0.664580789581 0.619047619048
0.483213895587 0.732135826772 0.629921259843
0.388989378793 0.558902691511 1.01449275362
0.42067834558 0.553990610329 1.18309859155
0.223793473668 0.382551669316 1.83783783784
0.385391721702 0.507688975525 1.42105263158
0.249649505405 0.449188311688 1.925
0.312637525092 0.437629459148 1.43636363636
0.271400098303 0.416561403509 1.26666666667
0.526839186093 0.772996446901 0.798657718121
0.327315937739 0.526785714286 1.79591836735
0.478260603991 0.608299595142 1.46153846154
0.461549334966 0.56862745098 1.13333333333
0.266349836176 0.429275158339 1.68965517241
0.183072394262 0.401882763975 2.4347826087
0.342034333206 0.645166320166 2.27692307692
0.377197215128 0.574622844828 1.8125
0.176546530078 0.487785180699 3.25641025641
0.598960041481 0.633253301321 1.04081632653
0.373908012971 0.511099938119 1.26732673267
0.278443438036 0.376999158249 1.03125
0.281590253997 0.358865710561 1.2967032967
0.608620291638 0.647335423197 1.13793103448
0.235670357109 0.619742326639 3.13793103448
0.154642043004 0.586460446247 4.68965517241
0.180884464914 0.620432263815 4.12121212121
0.617521179197 0.7578125 1.0
0.365559009914 0.680555555556 3.0
0.62388737692 0.765625 1.0
0.6073872318 0.772727272727 1.0
0.423805930668 0.627205882353 1.76470588235
0.377037841865 0.518618618619 1.21621621622
0.470170227717 0.621203271028 1.3375
0.455798419438 0.555580297497 0.94495412844
0.394914697546 0.586222222222 1.4
0.397988859607 0.726111111111 1.85185185185
0.36105169219 0.45692368214 1.51219512195
0.267998098676 0.462585812357 2.0652173913
0.322077602058 0.510031471282 1.13414634146
0.437001708151 0.656456043956 1.1375
0.573033493082 0.838665004847 1.04819277108
0.547220643053 0.822122460995 1.08860759494
0.537423478197 0.828375113259 1.11688311688
0.388800656827 0.538109756098 1.13888888889
0.548390016563 0.778232542599 1.12328767123
0.544406585424 0.773517649105 1.14084507042
0.544793289189 0.679692307692 1.15384615385
0.382757813757 0.620856705762 1.39622641509
0.488605675292 0.757323465927 1.46808510638
0.554176630101 0.73573309921 1.3137254902
0.510688423646 0.722894959166 1.2641509434
0.457073102192 0.652698863636 1.16363636364
0.49397323097 0.729066575154 1.31914893617
0.47652308405 0.722857142857 1.26
0.528060382172 0.710978835979 1.3125
0.3868531996 0.520653029111 1.51219512195
0.458631300583 0.688001395187 1.29787234043
0.441890386189 0.6194589309 1.13461538462
0.521021280923 0.639430894309 1.46341463415
0.426819863821 0.59634502924 1.05263157895
0.505715122315 0.624820453893 1.0
0.415621765674 0.501096491228 0.982456140351
0.486819242257 0.619338842975 1.0
0.458366236105 0.604195804196 1.41025641026
0.465626858302 0.686046511628 1.25581395349
0.516107387475 0.551048951049 1.41025641026
0.484420612429 0.664772727273 1.375
0.526802861634 0.612962962963 1.2
0.466330532845 0.615916955017 1.5
0.382990455056 0.539068100358 1.45161290323
0.483164593078 0.68024691358 1.2
0.513486584147 0.695471938776 1.53125
0.42237273359 0.602822580645 1.54838709677
0.449198911383 0.599184782609 1.4375
0.791844963778 0.799603174603 1.28571428571
0.425771303759 0.580555555556 1.40625
0.7348635644 0.799145299145 1.38461538462
0.5616459562 0.746503496503 1.69230769231
0.548492655118 0.744642857143 1.42857142857
0.44513648146 0.550957592339 1.26470588235
0.519740361034 0.624916943522 1.22857142857
0.524776048982 0.641898148148 0.9375
0.471765065473 0.689743589744 0.865384615385
0.472495804422 0.693181818182 0.830188679245
0.467819075149 0.699519230769 0.846153846154
0.459901832626 0.661672629696 0.826923076923
0.538913705233 0.652136752137 0.866666666667
0.414697167016 0.617357001972 0.75
0.428480474569 0.625128998968 0.745098039216
0.424137158437 0.635168650794 0.642857142857
0.423340793932 0.626610644258 0.686274509804
0.451823199555 0.675925925926 0.648148148148
0.389337712026 0.656157635468 0.603448275862
0.326708200655 0.572082931533 0.55737704918
0.351098751774 0.637032085561 0.515151515152
0.361045935718 0.636363636364 0.530303030303
0.319239936983 0.620985979195 0.492537313433
0.303278586003 0.467047930283 0.62962962963
0.271745816706 0.495232646834 0.550724637681
0.431836045865 0.618125 0.64
0.322990913922 0.549414519906 0.573770491803
0.370477339753 0.617629716981 0.603773584906
0.3137793047 0.559114583333 0.533333333333
0.271159879248 0.502456140351 0.506666666667
0.257540070163 0.479487179487 0.512820512821
0.268166254731 0.540900443881 0.457831325301
0.286906379851 0.575148319051 0.451219512195
0.246854967207 0.560096153846 0.40625
0.26360611105 0.606418918919 0.385416666667
0.336543933985 0.723799864773 0.390804597701
0.480521302806 0.653891859774 0.647058823529
0.403409534353 0.669884169884 0.528571428571
0.433991951302 0.683823529412 0.558823529412
0.339587993944 0.694173441734 0.455555555556
0.432251833197 0.602717391304 0.579710144928
0.332331426206 0.537940379404 0.569444444444
0.413802852039 0.671834625323 0.597222222222
0.380817498864 0.625201612903 0.645161290323
0.436542594091 0.711174242424 0.606060606061
0.436325241362 0.655777039498 0.68253968254
0.421465867817 0.669789227166 0.688524590164
0.450204726566 0.67118226601 0.724137931034
0.447313503552 0.662790697674 0.754385964912
0.383561756713 0.590816326531 0.625
0.618935889802 0.757211538462 1.23076923077
0.378129439554 0.509411764706 0.68
0.465675574232 0.688064516129 0.62
0.493838794614 0.739215686275 0.588235294118
0.694092390706 0.785 1.0
0.685340673314 0.799242424242 0.916666666667
0.789278595333 0.778846153846 0.923076923077
0.70625005997 0.788888888889 0.8
0.378398997351 0.548235294118 1.47058823529
0.634654896527 0.791666666667 1.41666666667
0.379858086833 0.471450617284 1.125
0.583398359398 0.848518518519 0.666666666667
0.567355541134 0.853639846743 0.644444444444
0.59740399439 0.868888888889 0.666666666667
0.575831426048 0.80900621118 0.608695652174
0.545403740774 0.873333333333 0.545454545455
0.551972268008 0.721198156682 0.903225806452
0.452089360033 0.723051948052 0.509090909091
0.500811938696 0.732211538462 0.65
0.437123472173 0.687826086957 0.54347826087
0.630123652241 0.746153846154 1.3
0.603658689479 0.605860113422 1.0
0.573665150433 0.737272727273 0.88
0.519464050369 0.618421052632 0.95
0.819450657407 0.819736842105 1.05263157895
0.790248502158 0.77380952381 0.954545454545
0.627202320114 0.688016528926 1.0
0.659356192809 0.768939393939 0.916666666667
0.439300123534 0.743131868132 0.464285714286
0.70983104619 0.688271604938 1.0
0.719144557674 0.717647058824 0.882352941176
0.6589014644 0.796153846154 0.65
0.680829478782 0.77 1.0
0.600014135456 0.698148148148 1.2
0.561914390916 0.800925925926 1.33333333333
0.590199580632 0.713903743316 0.772727272727
0.392654372073 0.647619047619 0.47619047619
0.279230688909 0.635054617676 0.358490566038
0.519555392738 0.685763888889 1.125
0.732898688559 0.777083333333 0.9375
0.666859211555 0.727430555556 0.888888888889
0.686355692084 0.766666666667 1.25
0.573483927174 0.68125 0.8
0.742723067762 0.763636363636 1.1
0.697530923427 0.792410714286 0.875
0.518727221929 0.673469387755 1.0
0.452596869418 0.631944444444 0.5625
0.716197243914 0.734693877551 1.0
0.716197243914 0.734693877551 1.0
0.413115145495 0.730034722222 0.444444444444
0.702934331989 0.795 1.0
0.813458598025 0.760330578512 1.0
0.422755317588 0.708333333333 0.46875
0.751565009045 0.772727272727 0.909090909091
0.612259321894 0.748015873016 0.642857142857
0.66675561958 0.716599190283 0.730769230769
0.506402091656 0.705128205128 0.619047619048
0.397612003157 0.537202380952 0.65625
0.298956645104 0.567698259188 0.468085106383
0.366438340975 0.625652173913 0.46
0.590910913279 0.721102150538 0.774193548387
0.402075645706 0.583120204604 0.676470588235
0.346493574023 0.702127659574 0.404255319149
0.417292828107 0.62030411449 0.604651162791
0.697520898551 0.715833333333 0.96
0.709565787951 0.727891156463 1.0
0.735685604292 0.823636363636 1.13636363636
0.401617551708 0.585144927536 1.04347826087
0.384545593773 0.647959183673 0.5
0.391992730208 0.529177718833 0.896551724138
0.566129001725 0.685333333333 0.833333333333
0.606910849657 0.722222222222 1.22727272727
0.593392503873 0.674107142857 0.875
0.35338989583 0.570288753799 0.595744680851
0.529588073138 0.59954954955 0.810810810811
0.510258569913 0.696223316913 0.690476190476
0.437405421831 0.543010752688 0.861111111111
0.443923911517 0.522445820433 0.894736842105
0.393699069754 0.729575163399 0.529411764706
0.58258568675 0.683179723502 1.10714285714
0.514306251288 0.625448028674 1.14814814815
0.252987789359 0.657598499062 0.317073170732
0.415593345149 0.639228886169 0.565789473684
0.507667343759 0.744722222222 0.64
0.554094987061 0.671428571429 1.07142857143
0.509845983129 0.775585844094 0.621951219512
0.397588942211 0.533787393162 0.615384615385
0.448114496406 0.527922453704 0.84375
0.482652101495 0.601704879483 0.777777777778
0.442219443954 0.619598765432 0.888888888889
0.48183976732 0.643958185684 0.819277108434
0.390156310458 0.452291105121 0.757142857143
0.410629618153 0.47193877551 0.75
0.574348951761 0.688095238095 1.24444444444
0.400374153716 0.506024096386 0.831325301205
0.371976932994 0.541419570052 0.934210526316
0.466994801614 0.629057406095 0.976470588235
0.465842864362 0.613569518717 0.965909090909
0.489086794189 0.622304016531 0.977528089888
0.467589084459 0.617572463768 1.02222222222
0.47687623851 0.561002631215 0.954022988506
0.510180012022 0.646281362007 1.03225806452
0.549519816888 0.644132653061 1.0652173913
0.53856264354 0.635273258239 1.08510638298
0.543461962285 0.613020736036 1.0495049505
0.533378882769 0.584525634475 1.1067961165
0.529054999075 0.575333757152 1.16346153846
0.427611191406 0.595784812203 0.736263736264
0.421458332684 0.508592873176 1.22222222222
0.477720587908 0.516553413401 0.991150442478
0.431172811675 0.520815295815 1.14545454545
0.452649650394 0.510476190476 1.2380952381
0.509821284839 0.537937062937 1.18461538462
0.445905527193 0.449745547074 1.19083969466
0.586503309568 0.578947368421 1.18045112782
0.594133788865 0.60351544166 1.18656716418
0.598928742052 0.592700892857 1.14285714286
0.499897613387 0.508411654135 1.2030075188
0.498407929199 0.562162033963 1.30708661417
0.639153034438 0.566787779341 1.0253164557
0.636010761106 0.591132075472 1.06
0.621191487068 0.603920880663 1.0
0.579671458429 0.620327333861 1.234375
0.548079070907 0.642057402671 1.33043478261
0.554381429117 0.630922058074 1.2905982906
0.586724082297 0.657576400679 1.22580645161
0.504062907411 0.718032548678 1.59139784946
0.296788355492 0.581788637458 2.16129032258
0.431044637541 0.611285266458 1.51724137931
0.512734622759 0.683313748531 1.60869565217
0.32819821105 0.62623539982 2.52380952381
0.592901284913 0.574761904762 1.16666666667
0.272127184607 0.513159707868 2.08474576271
0.455701613846 0.595969863669 1.52702702703
0.399921944046 0.520654761905 1.19047619048
0.505250096916 0.658036187448 0.932773109244
0.548439330925 0.754317236968 0.898305084746
0.572882228503 0.796339689722 0.873949579832
0.566761128843 0.712213039486 0.9
0.499379718901 0.690299709958 0.81308411215
0.498249371792 0.622877846791 0.87619047619
0.498125161378 0.651028138528 0.838095238095
0.474724278597 0.610335377789 0.814432989691
0.523505489192 0.687024559878 0.803738317757
0.577114238273 0.629317269076 0.790476190476
0.529764911964 0.704467960024 0.771428571429
0.540672618803 0.725310992638 0.772277227723
0.509691675214 0.706855292793 0.770833333333
0.530074905589 0.683170731707 0.82
0.553510756226 0.724946037619 0.734042553191
0.553540892074 0.731902356902 0.733333333333
0.520613502736 0.721254355401 0.682926829268
0.511298788266 0.672720797721 0.692307692308
0.525665217202 0.748768472906 0.64367816092
0.542826665545 0.74066091954 0.64367816092
0.499439595072 0.729377104377 0.613636363636
0.479842426886 0.722186076773 0.609195402299
0.483782889398 0.727601809955 0.611764705882
0.480215655453 0.742225461613 0.583333333333
0.461352847382 0.713070942663 0.583333333333
0.459302745451 0.725 0.575
0.487500774527 0.726849237719 0.597402597403
0.477654186733 0.761854424645 0.558441558442
0.490595112081 0.75458996328 0.565789473684
0.479553737904 0.755169172932 0.552631578947
0.460156729214 0.742297817715 0.539473684211
0.429959014572 0.684833333333 0.533333333333
0.437283699659 0.724012474012 0.527027027027
0.459278842011 0.731822971549 0.534246575342
0.510724964322 0.730397621702 0.565217391304
0.51780161926 0.671022727273 0.606060606061
0.442355411589 0.677528490028 0.541666666667
0.445167182645 0.654568436259 0.549295774648
0.416430245548 0.66308774528 0.506849315068
0.436279427676 0.633107088989 0.573529411765
0.433009513381 0.645787545788 0.557142857143
0.442342673624 0.658260233918 0.527777777778
0.426777060694 0.644713733755 0.534246575342
0.453395100228 0.67619047619 0.557142857143
0.43735638854 0.669871794872 0.541666666667
0.4067048061 0.639293139293 0.527027027027
0.442820436988 0.65990990991 0.527027027027
0.426893317044 0.6375 0.555555555556
0.456342413989 0.688658265382 0.535211267606
0.483935661737 0.680147058824 0.558823529412
0.468549814098 0.639154704944 0.575757575758
0.433680979625 0.653740697219 0.536231884058
0.68935750499 0.697142857143 0.84
0.472756103149 0.6004784689 1.15789473684
0.672348433062 0.784090909091 1.09090909091
0.755985979687 0.791666666667 0.75
0.702403815512 0.707264957265 1.03846153846
0.499389234702 0.622469635628 1.36842105263
0.336620965277 0.740909090909 0.378787878788
0.3130781493 0.678805970149 0.373134328358
0.334810031304 0.663149768399 0.432835820896
0.280165313046 0.534877232143 0.4375
0.420592287284 0.609974424552 0.676470588235
0.499569682483 0.598235294118 0.735294117647
0.383150788925 0.54698457223 0.741935483871
0.364018745272 0.524603174603 0.7
0.387808547534 0.576475849732 0.604651162791
0.450500562058 0.637209302326 0.581395348837
0.627915986417 0.776923076923 0.961538461538
0.444422280537 0.604947526237 0.793103448276
0.548907714841 0.621794871795 0.923076923077
0.617968802474 0.739583333333 0.857142857143
0.640156548881 0.728663446055 0.851851851852
0.318806727838 0.679731638418 0.406779661017
0.630960929947 0.743333333333 1.04166666667
0.720795053381 0.75818452381 0.857142857143
0.630960929947 0.718196457327 0.851851851852
0.440635586246 0.63446969697 0.545454545455
0.591416001549 0.751196172249 0.863636363636
0.535904534942 0.718333333333 0.666666666667
0.473535077594 0.66391184573 0.666666666667
0.314542905282 0.583916083916 0.423076923077
0.575708621308 0.697619047619 1.07142857143
0.31363315691 0.670625 0.390625
0.6140237002 0.757575757576 0.757575757576
0.721881349024 0.743311036789 1.13043478261
0.417375718108 0.549145299145 1.44444444444
0.318309886184 0.642857142857 3.5
0.755985979687 0.777272727273 0.909090909091
0.678895304126 0.758333333333 0.8
0.474149101295 0.662037037037 1.0
0.473697848374 0.777567846101 0.577464788732
0.486276175606 0.68984375 0.625
0.460803981239 0.648231907895 0.59375
0.460953857288 0.784551597052 0.594594594595
0.450664978321 0.761388888889 0.64
0.45995449721 0.746 0.666666666667
0.423863016343 0.695691434469 0.671052631579
0.626355902568 0.698695652174 0.724637681159
0.47789711975 0.745951417004 0.730769230769
0.423971268645 0.686118858614 0.746835443038
0.42586381257 0.647856242119 0.782051282051
0.514846685002 0.703638980263 0.842105263158
0.527518171624 0.796470805617 0.80487804878
0.385815819809 0.497436523438 1.0
0.52710673024 0.626945786366 0.851851851852
0.452421580843 0.658937118336 0.879518072289
0.475345902519 0.601967799642 0.906976744186
0.348018808894 0.48256320837 1.1935483871
0.573116883787 0.877232142857 1.203125
0.453984504536 0.54625199362 1.35087719298
0.520788670117 0.730379746835 1.31666666667
0.520638370696 0.715764482431 1.24615384615
0.592755454285 0.783223804308 1.25757575758
0.518370085695 0.801098039216 1.13333333333
0.463874438045 0.697783251232 1.24285714286
0.522919481023 0.718006993007 1.35384615385
0.28021792625 0.437274220033 1.24285714286
0.431052522744 0.66600877193 1.18421052632
0.460025875831 0.678932909196 1.19736842105
0.322709829616 0.523886328725 1.32857142857
0.361864633985 0.522211720227 1.33333333333
0.400475655593 0.610663983903 1.28169014085
0.358190695064 0.575486052409 1.4
0.446050179391 0.624122865087 1.09638554217
0.452176877207 0.669722367732 1.10843373494
0.550087551525 0.770612407211 1.12195121951
0.571948373831 0.845045500506 1.06976744186
0.653994186988 0.903775659824 1.05681818182
0.458689349021 0.666984126984 1.28571428571
0.645944087765 0.911956521739 1.02222222222
0.631786526313 0.90177045177 1.01111111111
0.549258448246 0.810087933561 1.03370786517
0.51399594089 0.686492427943 1.03370786517
0.485777715559 0.582817826032 1.0
0.636279818769 0.759604978355 0.954545454545
0.325567270387 0.460847701149 0.919540229885
0.309842843211 0.395048701299 0.795454545455
0.477464829276 0.671328671329 0.846153846154
0.475659669241 0.547817047817 0.948717948718
0.358455908564 0.487111581921 1.22916666667
0.447328982063 0.507478632479 0.692307692308
0.353320188766 0.432175925926 0.9375
0.576443419918 0.717854217854 0.891891891892
0.438382402422 0.459980237154 0.95652173913
0.623356860443 0.705 1.0
0.532468777608 0.796571428571 0.933333333333
0.51073982724 0.597137264497 1.09836065574
0.438127383511 0.623394691781 0.876712328767
0.48142749196 0.693297364598 0.772151898734
0.619602689093 0.775411522634 0.740740740741
0.505707806954 0.764263937282 0.682926829268
0.562221413123 0.818062200957 0.723684210526
0.516133585819 0.750685871056 0.666666666667
0.473505322849 0.691427853193 0.653846153846
0.485192393661 0.71835443038 0.658227848101
0.443064151472 0.733196159122 0.666666666667
0.491004051865 0.765948275862 0.725
0.487673018045 0.770527859238 0.805194805195
0.604002833413 0.733861726509 0.883116883117
0.569678421067 0.784057971014 0.985714285714
0.641059011483 0.72176971492 0.986486486486
0.560012640471 0.675583333333 0.9375
0.503663173818 0.712037037037 1.0125
0.496510809242 0.701844414696 0.975903614458
0.427687974646 0.57566852777 1.01219512195
0.185708169651 0.299443266172 0.560975609756
0.400871512913 0.482057416268 1.38181818182
0.528310170263 0.625356125356 1.08333333333
0.617063871988 0.719649122807 1.01333333333
0.372068889184 0.484643734644 1.12121212121
0.425416048265 0.575498575499 1.2380952381
0.428084575883 0.59897260274 1.09589041096
0.416663403161 0.520208700764 0.964285714286
0.298065377423 0.42371040724 1.30769230769
0.329068760337 0.40790719697 1.22222222222
0.324734826216 0.409111933395 1.36231884058
0.553115469586 0.721755772318 1.02247191011
0.570851801899 0.80901416943 0.869158878505
0.532200218133 0.698055827088 0.939393939394
0.463023548995 0.529958677686 1.33333333333
0.253100569223 0.500485672657 2.44827586207
0.526072854889 0.757814096016 0.809090909091
0.548236896486 0.787829465505 0.831775700935
0.553746192533 0.665158371041 1.52941176471
0.642145985669 0.712009803922 1.41176470588
0.388773233555 0.544061302682 1.52631578947
0.26146883508 0.321286031042 1.49090909091
0.43442803344 0.619212962963 0.592592592593
0.342581015005 0.666408668731 2.23529411765
0.489858196442 0.685648001687 0.798165137615
